565368672111523637
439589887495024474
517611753925621627
949650791901077491
670830421315200136
789945172227347308
777116487697222516
1138577741144218189
40776450401242779
490003065458861573
63958024554499996
123893405017642673
773124529598765223
348470994983643659
280169369317777547
934134830298160820
220995559688800109
263168644612216038
75496531010332460
668929164957341058
554493870854331114
1008238973667298353
888906016641971966
471666659652305369
1105676282461035958
556909618568910918
610207770661122408
698067652394730178
491881988385546558
365386763809476251
607427994175127494
923941782369809973
1096778386914269139
349346151815233335
522065691551005734
241343148082049140
1080712849122689406
958679961029559603
306428300001580474
685038545666254599
766908254449045991
806061469048251408
1091479639829900007
663928325709410975
95751430795793400
153677689843978723
680148908137593479
1085854613287650550
230510105206086523
26445564586399639
593276643728026538
502228571768244578
889457687568912646
554778333811074817
939357173944283671
807067341389498889
313091356970820185
130792894042686959
179621891025284722
378860218499689401
206759810563767618
146237371017718728
621423121595385423
689496314639586595
85279290941901482
898676714925623710
249010786931058008
913114353116925475
855563924953421165
16974064749485544
333937486147569093
1117026122199555117
1137743191133312861
710753270201781291
689819714529510213
949466864302932620
70235653076050790
947357138834536492
1068015926596217447
213777264302287671
864472325319197735
44082062994487857
19452464385802914
489281217015350638
797980127912689025
1072271429202030214
441253447738469564
216412908722358127
589089250093302276
695384192263100486
677634647667240095
559496323556503457
951779426634403890
435856697514580304
1019719279901380912
248404650563153219
28265302566597004
1073514396142054710
1152536885561001068
886271303672251421
949447729024048660
251703858709942771
200098149410167964
799472893017650875
31668917746044625
789301916837553670
731372749955131219
742186051925883512
841466420176028811
1026635601508860598
1056352233501648348
1069979320264886500
82214450345568048
684007791575828061
949564959084224773
1016114199864632320
779200336579929761
640120650509948920
336292597851109010
535403817220577756
862821857132864882
652115330145894103
432443839362540174
965026625183087703
590328754301419410
124084267652749136
1111873738943698499
725815210511018772
1073886066684221596
14395601914470571
268362341322365467
42650027629470138
1039864449555505858
1096533691651688897
1002488794159547035
526458275068792164
302269016267005575
398166621363635023
331230934565103084
706861655377171448
450935821389682853
348602485580064073
421086038492312372
34753337587928330
638498379358327990
948118316424469870
1115922864471379436
388734153461195472
994779978697756143
216248694881381841
731511850511538776
190754611066055219
40963489053337333
255543293363000770
328569817033113906
177739536561845785
549529652296887491
272661449432843731
757101871221091241
1069027556757212837
938456175730950128
418471354886597203
902471552120394523
460018294279258477
51565530960754277
393676646896851375
300737526014956318
545633349605444042
8782230617873074
390205967681103693
488534191772597116
194387131495016625
46532345226494727
378077900983112605
1022557178286510471
973177572149115851
563588766804689802
452083624808343907
589189809460318720
433889360678831010
244763102226385693
1017407530895364559
340153517750477770
607141597342333006
281624016488697381
1038274949086283686
692731543651932635
447019406683603398
241935582193181525
714422842900971432
757876136775595721
106457692994446731
880757751397672067
1078557340488737322
514413884168433706
365311661314609264
465373008817587685
155370804474281034
784475643045557707
1001359729124348551
279637802523287144
1083319353158801268
1151661617730575798
406434018741821963
10017493243713772
898845912360294948
679923157653165762
35015425854137311
426003087192868860
958934963056774870
535414657041061265
646414028948115626
560908965942021722
389423324944816813
12380103235611740
488701935850021782
341427757516190935
371237137503443246
498925102686244589
1088254011856440367
583068662597235352
975817723231134953
32063582825063830
917084901776047841
582021350184659409
10094302284434036
776351516981113631
358734051457855524
228367981236295086
327043955267986660
337254510064407708
473201426777002060
518690029079627453
748062984448768080
508895139503857223
950306483032775528
1040937174736681230
886140692108347541
386931267430442200
560744869682825615
621818908870239037
1092719239666799081
584267192666079450
101068719476948611
411980721885132438
1070607960212258900
271097694158076980
936480151928180260
475379822883376809
722135258209214052
894574717791701552
788022091889750060
876811799138076182
554733191715505938
91000940702822744
447866676782985061
756861572417223818
897742879409534052
935040861003551940
242424884154358733
341749821747416559
592093426161810388
429531457709425367
1149617287644852187
135603835506347724
5141898892814365
283984843051075042
720531346785801235
467654723396351134
807623239910928694
486447149313923359
515229897008164635
381876484757651453
598289012121134818
648934361093024842
704519773021029387
159137530880178887
452389653693722795
237210465309735401
392233136895255209
483482956014595959
264132150901120304
634971014673310053
1118875777455660449
665819869415665303
475059653119691261
216956021665346129
89497641961706067
57996904700452433
1059377852904675618
264550391414389624
1038611945179773877
144673603458553229
365036599987037926
632570278500705007
1057301292129456366
55838067331623569
387828922907337994
409491502801919992
283387979290493334
947077820658568210
584454208428509105
78771344526254604
216897122987020711
582231763940477350
855485326237057580
949422064496119169
382907546638002290
804167745552015531
339071319279297172
645456195478082638
212732202599598738
958024394855389069
85839609979055092
655614751629265634
597261327157950063
1126882715623667595
1123174727538065371
445386987745245546
587781262676217053
806679336296695010
88268927522803968
274397991568507825
1072921339301456905
23566875493600409
698559691531433895
989639412179009562
711399897375899530
721554152114889944
336936259766307954
739001561633550111
910208996381898833
875587018541631909
821303398341678258
987271790677590635
179861900169685356
982958196669790626
708903785500307613
851091911720419075
745469784780211835
473872689456048160
182986370560152822
448695404231458044
880119228808841055
912069413949128973
89271836563076203
119742393525361188
999075363996940410
793901630622584665
1020712058411516543
19299403333882868
191058006314061625
209145347968628625
53303161248752497
9597067022318440
1007052418164938705
302896776552897595
155804119679201582
409373910061740875
671449797703530240
726207632755096454
946498363826551611
467810782526736301
442456187683306751
553410062385182485
544225984175450155
29342543865713090
919689435695540268
933216536534369235
449771122624943267
477976009248607236
11127937623753088
345234539357646223
964685292901555465
725157491094322008
876911937254545218
944147640796487228
26054208328107567
664091455943729125
194614970031588317
171930816206339139
938462194371651543
226879319734369855
984256952450086191
218484029160624104
155462397156630694
841468240329141962
884275647510941993
807391125956127574
699652675548622354
227964335311918398
295286238603445835
323578899088033804
601274162472592988
987128576184645709
1055488012323701260
1150185933464072328
685598897754271917
946636222882012029
834910744408288798
108327708522464167
1024849764433606500
1021254973355795390
294007338166752178
624660334099634835
249258610530841330
791018514625077745
667757579322177313
698874514580361840
950025029506843158
1082386075003143265
186233994679542642
399872042479488050
353411341332721355
164579861996134164
805405557197865665
1046706274648985787
1055433748096251120
995977408425137708
493264436379296484
1119593344601948605
82330604981495761
685735184715344490
836034197201802074
432915949658685970
450648229688400937
245210076044664745
166483275182729420
720364438545406974
617822472758535489
664217891284882708
771654275945859402
581154707602455026
490493286275399251
1048094109427979141
1043614544076576466
548707498253290035
1006217262802759171
368313789486437413
825401140457963263
900253316800877389
371618683285367904
419675658481647435
520399106703037030
259220200581678583
335726246550215339
933145189276071633
328668812027281413
518566377720751114
252908310054036273
93450494607560214
1017697597597532192
297263749709067693
791681803649921111
672511539136746915
473446585952100749
470435827677006658
826946059297035317
1097690794253603466
238244487877121324
716919251877291684
992900519603013915
346796692175958117
979468620902982848
273114965413316389
822249188169561595
396853422521413097
452795899824207566
250228848531989975
961076361106423329
755594441856936542
1035482865884010965
1068534133810992337
1011903294815322704
501039607231172333
737085509814837712
1021815110853955459
421194427979208985
69377095394074870
427622323438444613
443937318701907702
476922700406977408
596315032976181685
682964175379005799
662122229983069519
346085881685468276
992098359826157134
733751523853772808
148417440084376730
514974022385724144
1080064845972561444
677046318276813330
479019728457339945
832512299785949573
1114374651315492225
335496097266604398
198796609355403291
408502196003072535
117739068125684425
987276949537526265
816799657607358177
983829444786814061
543105198867489186
492231810059571483
1123733585259679780
1089536830251026987
739831639956878956
1048360211414454182
818769422054763497
774342460638545575
1008598368461047523
975317355016818423
190252705440937422
530965579401353025
44527779605940088
135915591429851085
623696356214989492
581724925518941074
844922454775303105
333383103898656993
102624935370181390
1086298327280888519
801902845373631062
211430865690895102
301922066905649556
954454693839279568
1091672048457807645
140699311956703112
1081718058603391811
27859899872000814
557357890561181344
749878955025806737
75433762466662368
428126774764368392
1093507756766118314
699849581841263196
1127152728532004422
1150052716521794264
446367364179445571
1102555301718066480
712663761773950557
749655920557728953
359172688493522863
475247236824054446
967782109061031747
721003150717982032
1152683182341137463
657163024853372546
595677341058445441
253924433111054819
646331042207609147
899512653172550692
84083797398513028
801312276155563127
1142049065142406599
634152531031447066
366970687347577740
691117893244565422
156500500814495106
898209709415029845
804557829854593201
995052452645363122
294877572682966144
198741610375767954
867784474856853377
397194810762933941
1119266282337489702
507909426093666632
123564389539355474
500388973039264528
988118609451124095
244774437094474592
687284116914309310
34293039012930194
243451266222149549
873296452134144500
315839336094058005
381234922352458085
94798843047783583
516923637743996613
355428916900858108
777646195304610380
376724282789165682
180971859979347240
439360918437813022
299082047307394933
46350347444618562
546896985800762842
433309215928182446
584811348171632054
1131469677656154386
834205252451970608
846334322093030234
64266488193103721
160466671054737980
1000226636607873050
151331648468063376
870088379978529464
728872414777450172
255594232479604257
108303259731092446
1147616661241113432
331367173014969285
225285657089228248
453492942139499115
1101520354896700522
826182098692137171
756531692491222194
866227174700792264
1007305992717799304
690035638445666609
400779608935915895
910122096522323069
833098970868304321
670489361219160454
643623767078524025
903498402072863632
120115390296524426
165083753670656415
989386519611668782
1115366686869059153
72221705536232071
79612102588358069
891987425448595662
563316167082289526
706169159761825230
4792249543850717
215451716814668189
612963043232990291
539488287990813933
1136569299910423379
715237734726229472
195038730100657852
304058210987852030
1117790054774379401
387812535365868942
225351632669954782
183199781985341553
1070607678866753197
518526407719379910
791557678092302091
640103279857296442
482493476824107299
556278977320291439
657013981503395181
837613958897034115
13184855089922018
429087439497089272
862649290243840759
563872669359380102
796698052986474878
250392378810658303
892404482056565578
381988628231120579
223765859991449668
596900309834723610
635382829162943552
384999737510976892
787532855376887036
872183448800957923
682805854982614461
442560929686286940
504378656087026791
888120592019668807
1602538915416
1139680271490353036
888096741935779049
971180174676177615
1106045433465173898
137107098546654244
884918168247781061
1134624436704671514
1142706022853616299
987105892003781050
1108424348089264079
423597235332613426
61252798101903772
37661901959444758
231440206823247320
666257574915359571
1051012422315136065
218372803722143766
536250161239712342
224083662015566081
609688652503326385
817319524259043136
1095179108795884726
585427126322323733
510573159616686087
166673237855683023
266898635826372380
753952881425707474
793160904059631674
410653366525700213
1018345338326849360
1027696472077059822
141749615843190926
304312632759243391
128716638775024893
499090281432044229
32500298223737690
888965573281571152
1152279168150343066
438023429786689146
160047753326969640
78640388795568098
144199992932305980
276744210154655393
330942662278136089
614018271329080373
136333424838920533
618004795563388324
15700578155271769
262597599095816627
245325734452276989
364198722262658687
154949481000107729
156816671292924387
1020300738162447974
758681596055315949
945100572081810718
159471599546418998
945298403129627420
299339193377964452
704074251364060240
671850527576527136
617097507147896056
403872318782928693
694209641347413808
242475348834110373
201499077150007450
903079842796997065
232300546001706865
1032397598794821697
315862037610948103
257583097399642020
542800996903117753
203844080319785222
1095652458632105884
470289904092872749
407660272425988168
493527901162611756
42728040307884228
367826606307376987
791203315806516827
904174319450590032
271436473928427031
275200327051039888
527241890611601673
339308459212752647
1104981218563922879
790085936335882135
957022761349460038
1037298040005935741
161408546620890216
482143226562378206
359542143242037467
1147457681128879720
1082547560838587670
479524388170093951
1115593778017124330
24507844827441870
182687701314458971
795247530002169203
674323463503428703
804567877586881654
224882190258200939
351340709487638099
510526675161180008
269544367404749756
388471899328549229
583446507503096347
672113218144146847
979281674446750603
287855396203411104
347898064131565336
1118098809012086152
805679277220656183
778074289109696559
352548594071227922
862167436061488506
210711155720948769
604621880411783929
546515233421727886
816380534371404532
1087051016991194086
436136028354019846
956680691562450179
1098537159873222792
58935558936335591
193142820507490011
578674593526138070
334689923877039026
817652456695167486
168615618516463846
151455205760887542
345859621431614805
1106714695093885210
750624958201612413
1050816802875730579
971627734702469327
571644202199181083
290969253094021307
319657550487715858
913560138953474377
900141848770161245
110807952091574209
692255991713509018
769752546793525629
83079415060777440
626632478148006162
126118529577204237
921385472094777164
130253772805714837
153426253650523182
32391390947421927
69409151122622858
349779224513639175
429327854914316556
709765309391532604
912917175569667549
322377098908855586
183166289244790415
524117560781443955
302690081865347149
140978257079820729
164192334788566105
1143738433744238734
917422205399251190
700135004761246009
931011583956499162
852540188868279027
258207902975776022
583017825620273935
892235840064808260
267723096990595476
991926569586948545
142734689713185920
25644306709109922
858242952083711099
248163959843170432
2829507768111793
769344932026934464
1067982385697232237
102725932002350001
244022193426213927
148563327417382043
476847586531148759
148096646765809135
570215566211257865
1061906500486275168
892786169153427574
1072396146744240578
1070641609038184491
878904931448881785
10765025426608424
983836422799470002
160471209333852211
815287829732832103
418287748468720450
783480452278608809
982017753123037478
381140083642212996
864832729557085955
128088701089336199
270338741179031722
56852923529112129
968358628197225355
1077647312204960257
638077641781702566
246567860561784623
882431643252653770
117650301626249134
526901059035527385
18300646833611593
882447852832650847
1089724973302319814
345472075256519253
575886000075193636
775647514116660815
721286264813495967
514158467049742520
763991728806835422
993185902359965443
258835590675150951
118916755964588071
795966715305048043
223930933220960275
1006164628996384339
632317176942575037
173340802943787812
854302201239234330
1021291504098261545
769148276229912539
961385721217687825
494156414204866194
55942641728853300
327573505781410307
133278548410147228
275519501563895334
711496871854236305
258493575889891356
1016662261377939842
352705757135148977
149179307471074400
555709079026381088
195994132611961865
686819450708797673
704440764660010056
222745163416101924
996737357113672250
450207318304097898
1104556097832296854
684897185872946485
81007631430767051
486352985008472817
964658216281654437
115219008620658148
189478462152263592
471654900816343338
70739103591319147
888496082638204272
613610870874716425
162663520128935533
87879237582462931
1073935086180100610
481769279676874240
192626421570911615
629264185325016346
579270246949295632
308646519998726855
764231670842319340
992056625684451739
910317192757076472
973824124609666720
898268351420550435
756183264569439957
326390421047534758
277502954958075768
297010613739838113
971186511495830414
878777740183334321
886196953186130593
483164991923576715
179166675191813757
924952408120711056
154610027997101078
817217715755332764
590471904808574954
133447582810376304
144046286015194566
193153858859244496
306836932361586179
895666814024798890
985291001361647329
197430298234990056
826830366795852168
569956364305356280
201629415527275769
1019274519809778145
270040850238441107
423131674484904370
1140667978630638498
194104283146855829
493666324974213877
215021280409765365
1080544593859647707
257039430806934026
807260254772350590
91457022068776088
484196647761657748
40884123202805351
293982219606256996
964880381659631473
804816719119025301
300990848256341476
293088244399746310
154534953682525916
983567940720979190
247219469421453224
916467470920931362
1093392035578834263
758995123176090608
1060529116997970376
100304241123316011
513230969041652735
480175586898616677
314655024816109843
445445442277949422
748305817194928432
1106042904492919213
702761304582470275
396564397824605321
627588977055445499
1151829510279641906
746523057462672229
646977086269696032
609628551427993816
49478213057178986
16314635059815834
1022441282725554521
329576377961510377
1057911170518953251
415574319730564276
1144568239000927290
239121065474925228
827392095458114058
348551172747570049
972020678302141572
868647745360469944
833397680141984011
372058679009950097
181603030198668338
757660222345721872
132482090179430082
617497851434997493
7988489071878671
798756167781113492
1031760914051499840
783681635541275703
858942318438936874
613360979037075071
1031571096778162638
139533819433439220
750286073590510911
814804391465710095
559457530937206156
717593989924156164
745190912788268644
289157248269724915
329901757859680315
249047816686416627
1089902101894929452
896257336971556663
89612190028473878
837111380464968398
1004247346687237166
377379070903747192
1052108338336623789
231358044603889560
212958128426235921
794144450143147759
1053409448559662891
492789512483310905
441784661827946731
114813407276245544
114501033317290078
830046964062767374
1135575069730065887
559880029615988546
550692115162063596
1142445572427222103
146970374118195388
447280710842216406
842165405000733915
1103788103189030087
58232409333830387
542054183538578336
1071450786545558673
976145224146360075
1063215093508036409
14686599415618098
975429460993226570
152431149925480724
357707473896524504
267845681243911079
1148060500974609707
60449187472215948
528132696529815313
970764533793734275
329158896012289106
280944327359898834
641570385886729209
947608386834565090
635453927967804162
385588596136704989
233768685171920654
263604946535939408
707918209575602394
1064549132820440109
770019652136483309
915690320092231158
449712219804878681
272065295285182523
770621164210045866
855967617320189289
748675653254953202
302706762824206514
820682668709540537
637876668664857345
685537112140041606
737102860752552286
821030294915929634
96522900459348993
903123319991036884
414884410181668854
1101627916474426751
785983500597222451
1052019633807839600
492472816708482302
105684206440923154
261290542285389689
1011854868879849806
324438698084285885
68329794513630925
1141398388850391456
798269119268836933
1056541956181881875
906178870481323784
722631680305876900
544984588444316994
256124485745866929
593523495955250190
47742096916118435
294656871213494212
583550768536684754
862837914842059990
125910643526657204
669292660700826513
1035230745140782133
551170487318374576
665270027965363897
937555637141983154
233891610574011604
10103469731855831
1116584864965275812
609554767350011064
258854423771096211
90728318875674529
96806413270246777
576581369566296812
1070532641889270615
463094785454005256
525059588240723633
833619060308183661
465854803317650306
8244771017990599
857818544817362390
153834029475128228
655759628863262451
105258374738562949
1121475194146104736
287305703104248122
472041907931606418
822040320076607340
112466141464281992
123961100296950655
1043261398525024200
1001152880400119075
339918957696923915
887601479993820730
1029605412868195099
1147003961737019300
1085117760695986103
1106104745631065313
366255965337435849
841169185673826222
1121263298616112066
641446211410771227
848335330638696510
747726534946017009
846624530182389116
489594813666348373
509489594753900280
762421803529210806
154715062271915321
73699531450253202
706748587538976857
617570006134823771
52528945489768361
175555353800527961
1046563413194680786
786247688232005953
767085178803716287
933030520340866562
143468240560754963
640317885358775878
134975932397847646
40792284784170230
749403655952004172
971359748034866253
1075303284578914153
633054510947649818
17113823346622751
74065867423629859
208369256345551268
98441611956931998
28650005687641793
517952051799782844
1039383400887104333
1097403146586306737
9064045173031050
824800030305606133
32997960394799225
776721592329694250
1114481482251653712
555290018395129740
343557553721028685
820533791070555020
920690088333768179
235988316229029213
417700704953526241
695976918958209138
729757552609166728
336214565132301901
517192816212333934
50341602076997001
404952775401510708
1027504140680212106
104369585382237270
105099557640126917
1101661481967317373
219043221711459769
494612436901914995
497539218020973066
657414321675292568
147561113120587879
803145595592058736
259534017122760107
1003302939142128175
234730689412004593
661290218891289849
759668137616227685
829117307351744763
108443782124322997
715658813396407906
249591056504023546
165984193226264505
546868324429981184
791818909411375136
217171610189978763
995228891565937094
1026966761291472953
434725338478459948
186980229819768453
341680463713989492
273758256445034012
320396747158177463
1112071918550826864
577112327462089353
994995504909204323
917027926861602250
93652074523814626
303290078754431488
1120050848104998953
1105627613883353730
313243902330587762
805188021899328221
5034677821443992
121654985786224732
508608409326069761
1111428937139216933
509818384918356947
278350746435105933
103577187023186719
750963454310145999
637921208669912496
693839354621399572
240035897661132556
800164455351723674
138648916343020311
235972948956878715
57842225612863790
510011899858525396
550816576046052566
362299799335545322
827510102851305298
315773823160641554
799022556228236603
603623799240979856
946624521925678133
267106278295465238
195281181946475851
333559780528681165
250852520684231487
215790047026249297
442821895733408507
891944656190742872
606169281903065313
239120976954974789
314373168339968888
737235713481459878
316957512194441864
1148034883031263226
906218993445262181
1098915004917339853
534259876987838858
264455989026605686
84719405093873097
969860212936448126
327612756590365376
798579426890681653
1031668462364204062
802158183988945808
9634819523264005
451373358016675963
489398413905989062
698347308891796051
170394773605623749
25203174086797386
1031328409773109815
518064424697598848
355546309939087335
949974988876619293
185731475356838749
887367342023864979
307216228408278404
1083859757947681707
841615931251430514
936086911742900309
599167758423073675
279452969643334998
562537879375312267
345745931049055399
606065081090869367
1029088029143294975
719502673456867439
888940745024642291
3020728206867965
532245586921967306
958625499613975560
421426139910799737
113772520653713976
124269438355818259
25012064857310978
1060790929056847688
326064082122199335
268640321546181642
953163586441876551
986551218600519476
638105734147393315
464700788180927462
919130846505151949
825787396300261951
869838631299113225
311824368225788925
1065540818601607300
852007691507295748
456950799305777619
813240797488052693
826950875491793800
519438602652074616
826538884095387516
909610728192940557
375835067659744982
699833606260133919
153785965645070981
1001238535352517924
4135849619039670
907690610039121052
416481535215439420
160114995139476627
392659025511641644
445508633714556796
900439191340023572
107533456533342932
801870088250462956
173078784812303392
450207290786673837
1063322053881122109
640708711878907450
532155540088894840
27745534657252049
1148352900118450801
704795600483736432
373597592508270823
503110170295304341
1078834226013274606
1030937028763220007
915014471772194977
347776690994467093
850244081419818463
153592292015542521
97349503690912375
356999954428271170
986649503275701661
886623240288436445
559216750009667415
996661657736468552
768893798719006067
107795668013942747
89519179997456457
601656942576992079
762341666248384074
100653356467236772
498229247250691324
1024876974789686493
872195442580999127
593390400988517602
232502332688509454
772212094792213108
755499525862117838
75443286541468666
1037765662606524485
420825465544290755
1008726822082305342
509553035692182141
181008016827056968
774085513670981905
247655489616849370
409845879680287045
902335031197460423
763499894942699452
566315923952785527
917033618201231865
379621578336263152
878860153889277142
374160065622255238
583315140849804170
893153626252924377
819442475700607318
1108389375365177159
676525558693605859
329110774934116090
46279202331312423
749691601073728650
1147640881210930745
1030499259269814576
111324870348575902
8635305107155516
122207132293609897
318488343032179012
543167125523294096
73124054306549896
245379865711410862
52773580052482555
280120587813249179
814084899054548390
684094053887561750
730228464728336719
210291337810778140
59548798406778258
966178571660374656
934916842326218819
187419521985495499
621984052216225242
670060819142809368
195056601684675715
434285600563187733
1001187345063688281
981377432249265367
128876990700367303
883779841410496911
454882663889840367
214671844751501890
394597996824471503
50592008097518515
244539574931450983
1052419531497484208
283298136163227911
336161310543449880
624210859967109039
865865530395607367
593920116025059906
256507111528646337
433565289175801751
432371007519041667
162554861111915911
76424601001391121
430497863844504364
227918878653565026
251318545651725184
424161382651283959
625950081963124411
388376867755851252
1101623545073660084
562216892128295867
147094402723575413
365773806009776112
638832569467946894
106214295519828369
876828990192067726
930341858279511468
536816179232707631
264160750701741637
112885511874333745
550671924474695232
75039835280412075
137429634869535387
203617377830131311
1041094496812722395
682189240236811555
818782593591699850
549072595757482401
896256120131899639
936184873360197884
1107967051259212816
815010852002441231
212223109629160009
117876356509306559
848032124366757247
49959911941806768
1028444292111564269
357424283728776157
427475622401862755
553705831660778437
130668912453711053
901743057657298767
767978014579453098
524454083392486033
887020857582893426
759140041935599077
327572750991044861
602607585432618024
910839610521661377
596338067761919460
958430408647488896
751367915022728103
575637593633546820
1131809061371853472
987427377876649505
460950448756895807
1046203279021681853
128520074495033843
486711276480175770
829443791790073524
734479293839098587
250124740802977472
423357974170187253
554811067525758311
299143446667560796
775117149072101961
527429622871705179
713980687086729751
906658574087648252
392007881019501256
22990556461716448
881240111744983735
107249923512076106
1026603273399181305
761955127883556765
117096596323986107
40159957774826300
179457449766282424
187204538516454289
491930475532867395
242643144498826146
820397206671551751
743817669651749594
227032861416841282
949058113943941981
1124439704746507645
450807830237258705
481180420043805741
341138684297545758
89363317658384358
432079975345392429
864042031766626669
572716702151536176
155651626515291838
194341801694529703
411526645029310821
345670701819460880
1084422763886503320
69918069731676529
438538602062748399
852708844618594323
821600577299143828
1071024743167630848
873962538235924478
1094811708966288527
707324212279863171
39370187006517973
1119054494050276431
516736615307919514
823853006654481009
998785570505015039
7495858712477595
1015041922842267418
864985319958166943
962591917829436946
139805835393302357
278639896434923505
767499375926486857
876973973600832322
235831355161789628
947742895731145929
1025225939211329849
1137500652901396520
515315582337959739
958986241919602272
1141625927113192436
467842105099853167
86185537440784591
1081063422900257271
302694448873378826
1112259552924205223
154838710634295837
306290877911138896
162313156369887018
382326143950280959
494580802148958051
1088237924524228549
559770594635345830
126026701451160948
260016550925885790
522727271681804381
944701548319704727
278344601990452659
6150898276184692
686645105093739446
424659387708303645
39484619664990647
940278737382671191
33051710898557864
205069487411514387
982950017581316943
660076637744635380
974815393908142416
1002525177570829430
890479810120324088
271394663925304141
1079611173463833596
716754421192160024
850908920830546065
544100842445538011
76290419325910998
499329716176730788
1086838474059310845
657797625800346898
538496003155003474
733970944013758132
666385061317042164
296019812223742323
1089246225250777232
864943552803059433
896968296867395421
999775759176148878
435169500108645531
296430750403797226
343054290746386206
720593653154243277
1004893862244523217
378090890182806634
897458619558161458
932146067378690643
676540888778352091
386013551846371662
774380481422882628
890704451155746838
788330113095540199
302402294946349532
1068971781546572251
970134755689301456
834039328571788153
612584909895056978
509144275954347995
572209103791163747
382817663638581437
728491555328386286
885186217698990326
1090144130207306967
745771573471326947
955370647798081941
1020674348434647808
209104674445105551
802518132352213154
509628382396452607
1007948425161206540
651222412100196067
359355834605171111
322511429601802075
862594593665264248
506721087078837612
400509908886551736
1129847308211360627
252008468837120616
1124275953272324567
645452612957330831
227423451216137993
867192875688748028
16501061187759031
462101012309883834
998155338982449139
282751070474501643
528363402852991262
1018356906127638205
65049682889762748
337645393331614054
734615366886523698
353498274777719455
375358488342693272
430428214884349955
588010274640563562
802790429810014363
974255107088783059
917547846453795492
1101637334652184486
283545717954643708
1143396135478763629
352146561436750219
779090852183389769
501997115184840875
1040760605233400003
1108363824081567322
179390256701632529
420575356604012488
875641951964299985
571869329146919258
477980474367815067
168313838963733788
82561955328694912
512585218631378306
269568180396753456
307063351253152449
309831566240207134
516258110222132178
360575371154960005
642684076072863954
663280434069171837
44023027657585265
541890886343045467
648352697094871896
496265719494050443
601821239391221717
1060654269310084374
704848665290726949
909749428618000820
233188648504579743
745575858808739752
654078474386309132
558589254099380150
418247551645884029
283079822690238484
139468111585564597
743012887907852954
400680863779051875
539953774850890312
537443364125011978
909843263518438964
695221211520244422
774440556719352424
146534517061110262
1031395080010228732
454698027095237337
1012368733939468754
752409831361312585
657657966366075588
869003690739685921
955014119800236280
916941951449261377
188017557387125408
1106438685517751995
974159971101382649
1058331785887165818
144754126421449992
615604736348109987
818717540691144521
162008525362227834
657186873888500760
947765153586179501
159281854113220539
523871670540393664
947294156211620713
923216961554064390
797473149501514254
1027904346995165305
1122964658838732201
479713941709876658
57754042093446760
1148405113640920447
529621946032176495
786101595939598535
571477324592023948
783404904801863703
379157363642329729
770843477372403678
491965678252997746
735264949180605249
916065329743349911
1070175680984558679
272812013938160878
238018835908311156
531869745667713757
531851479720228029
505145347501186652
1029288171566886025
870052889423052406
402093425307270601
307725139069374248
556789356144379524
757218355880637408
315318311745068686
251396135616768374
203416117950142836
31905548760441593
181391568884778536
256298303199669306
347652540461695964
1028217110281515938
1078621477169510656
576271329498067684
504684898797609080
535308727500772588
1030069080787889797
167081503063954297
565938780074306063
687559807021626075
628637141936074293
707782013707837829
863439345130955489
782905483273891957
783447229553433298
919408763742497695
121815242248039540
527115520485887110
197568759475794097
374885873080641405
1149228100042139589
962262340731156728
605947357042313970
106532411092069675
566243395697338015
424739006293741878
679585839627834750
222519390202371678
543779300713629466
898643619925021583
581031270736528326
475423067477178141
140548655469302466
1079991598951372512
66020869151244605
41421794751313630
199623216610150135
500537416461855166
792969561753299689
745804223785639579
712305802691533584
518229768310523038
48155710947440614
989590628018837979
474572243646781618
815165906365409918
914101026092283814
79057967789731398
656573372327828173
402855539837255737
646708129003035348
606194728296089463
131800054544369669
1130990242735966787
650096570377779859
613421160053540010
547794863579663201
862491062822623884
516376052280514208
651993226347677942
613093989850443491
1048846486157612628
629506924335868072
676388048455652914
95348173743866128
255621308183892592
313464783459686911
1146692433869522281
395497266993481760
722122426093985003
719230665859058895
557182028977577174
759554595963623217
136942513831760861
735268734160863049
1055251481730557181
915972211618283780
533860844290085856
88980225739338369
790250906241756440
1098378296759740098
212223034951196542
429570663895749475
879578678490379046
784348596159067441
54994566049755886
3427412355033402
928725062346897409
1013026582291892416
166797204295907436
148037647146665493
491371051490198841
351805506706142046
597724698177559151
1109446286540782951
1088788946574502465
162246991197475280
628909771901958425
402894242763261641
431183771925581788
1125221453399232245
523200951485674573
412709061302987016
681845493910668098
276357811747735578
739667895663972844
516660034315822450
907396005250695788
59557582521033886
1039319340844409548
814859023679595313
453565403924750790
1077602132970472599
569972882672685757
501054147391189871
769782281191849432
279643979816481381
961793034223994698
685194340202669807
206937777327314907
335870667925437247
667854083614289786
418637533532078466
453987641068106440
129240203578607954
647213855824442942
89810994374030661
444846887435905869
440245084830084097
626608533178318209
1032570280162936745
801307870699271634
1020615164027472849
1043467665072532482
935782683403306241
1068809638644557984
249212261163061293
372746771703877449
115162545528558737
154174501213162098
772206362722801099
93714817386628838
294171641469338515
667554823654644841
673973919819167355
39779702865994652
628464602915965441
527436845821294192
238860940858307188
385359067012009638
265244790407816499
902348104130936828
624828317716737553
991128210196751222
1134467829921239759
71292244912821311
421184967217199493
1022700039423615409
225171596963998057
935863760286158791
868548883082548416
726742632587813931
163749400611675898
874796879414053060
35216414964763313
678862251844633060
206001014292498440
874173674935536441
935096586367579443
513418573873802480
1006596031060398672
378446227387876147
331862835772323790
45291354370014833
579473668316288685
929661329067775029
156166653690183720
11329595829345723
589615573803557178
820023903828094155
649097670386241441
792039667069296567
1136124837348554604
700520327591806369
724256262922469301
807238006481799984
629282655684183042
77426512759030291
36200314584339160
535418954687149959
904038912884504705
598910988366048011
244344490144585477
456697992125473390
568761897986895859
876858192384160944
197298292797447557
211931975194028397
950832168553226015
719409512808875694
701170934367461224
767523521786629107
1021705443527019858
444320518070589160
18020728762641493
748259039832267890
184255499885230042
266046513845090763
861541608750990785
195549363603364137
1068812199926174508
313051565123106172
995498451700273631
542864607609754784
729975334542192980
721052218165402647
810964612073761961
103967465924477933
529966115397333758
346178928659537490
1029455591472686473
391521866012384508
902876790498391130
648590268024162569
382687789109574189
462494036554715057
184998616259133623
532016159001019211
871745518864587626
883933035891889443
167777128059820696
147381975803185373
1141117411578642717
129086997165416236
1120932889959905901
541543547203467820
565511447047487196
274249917871800906
973466176876619800
739591668001685244
471892785044126995
399408519198456028
376427450433340406
690683118320999939
291355805927592581
62520749544273319
159883235904833959
205185332868420605
868356385205702037
512437429131827316
998990328293711393
670542627482715563
323816506906272341
993183457494906429
573123725670640730
301745342169002263
1122607074334053489
1092660051110212078
145291973308961595
453217852817361922
1133933993212767624
1013239267925024223
930217239772864592
1093466014706641704
741606488558133591
526082947553675840
510168655123182939
797195838453294410
329869326917514978
638763689662555367
169710404600713376
114048424372501362
541105150435058367
552853998858326268
465428775732801815
803172520925078862
676088362620889361
1006098457934917351
1020591101103898024
285897605460143180
822402809766058299
650603347417643647
695122576189679714
506740518424114472
1106512863891412906
421448191026201859
224231912313357823
795811997065265920
950510841967512930
1086175152211916637
207263251858306572
846284275715264179
638193302054074865
931458350201048044
795673740000147700
202694063188970972
923117282698626921
976789271571513592
369494448703041716
684586262236677897
88481190843865896
755312977246601965
283637791265741282
65902487345481644
165443520965140862
673798263775240161
1047182746393877204
44442451247795169
30994404161052211
976340178219105322
1039518867601337126
892548749298341966
838097810204417093
1083269772099881905
256956062787441685
179659837287529613
375693902882115392
598418040394683075
998952229399587628
89791356712446937
731102483241346359
786060881045585639
368414375696377154
91243591876192700
852752342326564788
755526129793235233
490489364697395479
369226677772041655
347116879133262085
520931302430466165
148178474323132813
989484636129689265
62430503006859017
874373224054476976
742030280055787670
641349822952335786
833851458762837154
227732762645377088
384568828819441118
77223320478571071
853294550459397530
970392429649235550
1099800459350466106
88387836062175979
121178531367591761
693284923359425733
1044444835692170257
628045946264962763
665978967691374852
1047731770356996114
992645535298988945
175641534902372027
841814703025486352
315620704630948471
477220300742080780
813215955917268146
219884883676114577
322041728802997942
65491618666286068
492553901248882361
175673009090811975
77744312127232490
352077897055771971
934783026601147739
558368823872479008
195110472816965529
7356632445069502
639785263031481003
417240781749335982
824305744800249206
815623974513481021
402367496470202433
938154576743465169
441399933944921083
96155896743641720
1026348063801762123
893123974974798597
820501986356665234
1075103781939649948
1016868816679399293
464415693178832835
529043658868307463
759718677946469565
208580552979791992
1071797764835296754
491795523378873490
35583668535726862
967250498570304328
1092830069663074312
429056905384700968
243390114880819776
489693992867795375
470682244008695749
611598680230206320
201424522706189926
932771463619901074
849324079837723358
592011852758603101
427258064877680497
86738501623848278
1044322603596182714
1086185584349387996
385899258653445373
917514416330286300
852185100481566478
25684333705808128
278618446374922478
776379473524931774
1140801975538357054
745197537805809865
342680860523153423
141555497266985315
37927324846933834
213758887330132858
294668448119529175
246026925974613723
709044674835357261
755986505392452684
735828504218974617
96350550478767409
205052368854698267
160407735221132233
633020686016844874
39551446660118809
75622860834125770
462390772269957984
842737793544014015
339170631886077333
18935671349948645
933121975067240916
453411512960288275
473854375042552458
506359453985330147
940114654095232222
33379275146648019
1143185714539186197
6496482867050332
773900829449199895
797170363054883662
487705438627388045
266577071301791806
602408075177014568
1084768134246218992
457805443827540712
861743150217428885
982705349156355757
978533087465075551
107887661994165335
723179361429768505
585620353613571785
767295295150780906
700805268829108844
1125462490239937734
148739861449180451
973660886956644622
330566373840114975
253553663182211210
1057459602551127116
641396633379023537
275459466440951276
1063268670606707237
323080150928961808
241263422707415054
126850642730495288
1072778991071727298
902584323431967966
769673342748870630
883891001162024340
538570380168792675
1113138480863736697
938684001433328946
754200591542019446
115750472089660508
363634707577607048
576044324196041393
1137247317831335044
79004622716926809
153255685429679249
1044782640886507873
949480316228320349
1026224983327942864
211337637292678873
390161131329701748
116551895226853848
504701697583050398
1105988449044309157
621466619585249692
408845801541445528
394425243361705044
476151810037175992
752960533689309414
1021092808365104909
800471359032192916
341395671770688075
1029183622542095686
908266587085477627
979167076907010865
575636217107129544
1028055117741136629
1075025555656462681
508287310685892858
1152327611652180932
1047590910576038877
256343971897760151
174062676771661530
817615164207550569
1033827687816304930
548330524596268167
928004649788712283
1080995445240029734
378807124247373968
738977217374201770
63138740888239612
1144167010028385046
794247513138793675
1052214018665644195
866790765997584945
259826477112049998
1085762362524562525
335311518327957800
440239843188886281
848297904791142694
211580715997195572
866921802886920889
963848273625376493
969629372294368653
916106296401757913
868283992883729543
695444199880721912
938528109546428680
786856835089825340
605365870783216224
860732808237184443
896823959796413840
407959605042738013
43481925532485756
567257393902440729
624453423914804752
444485425545560149
1047822465553451816
1077789404634531990
1009261015973521888
756650958732970485
1087487519380107520
1062377217194845892
980240138114712587
723091031454824577
455289679007996354
1067829891748997812
1069708085269402447
673785525648488172
428912603605398372
906000050559845291
883827101514533905
282808066640463661
791537830986167766
811114400334158291
1068794741460242351
787644770864571844
280794427246497955
993763684231499186
154981520004253360
799748590640642983
616044798706372194
213870912423523339
230522726024833486
69401918670687324
697566212129799539
111174016748447362
85748574109444068
1574137648941378
1144998908756836191
448127689822121795
917986387430038389
394038235358280423
257865685096626384
732161982443238134
86269866833299663
843106004554755049
25837108104079011
793961776607903181
187311841415692371
636608298620869145
1150811825232434088
480973921234436188
24361183449887435
342452680160181595
1106200995063298680
1117325987349124426
95926242610947311
933706057562746355
557363969358782288
990928680321035024
1150445520971526466
669126654447889585
737958483668307080
561384172196319295
373276307066158969
935020255763208610
1142625002706612744
467985484408028411
500168644121501139
324672500484378920
975277235896884389
1051908764825099724
365770857200572456
307600416211726372
426186951061191596
310088832420115082
890249334636448455
272578403377383282
240528086043939480
309032128363462072
906922540960560717
1037349324995305245
829289542880361958
28380214696788847
1101019493861848465
597245672452309105
379124815317805430
742464749417918448
858383425446158002
543482482282567334
226996770545135846
322916636386353062
188403012767515737
295271932347340608
116863050123437753
738568073000889043
260809461963386956
555923875898691094
375034284930398980
186016088127528125
137688085182337084
750866021004308179
714598938106196269
907438863265263374
1097559185244392162
543900696255618010
123505604616500404
11913857636451842
740444303422904526
479611007964631779
624721512927171939
63621300919747867
518217385010454805
427768861627365039
1009451754837861299
503591276708292675
1070681643238029429
963886638994719923
763472664541369810
343652707825649487
163928884799160224
760146341070599259
108976880988031886
833988568958798689
1116112480229781136
1114540268279548500
1104821099162218280
339593746331820428
459750579706837597
585116476849975452
695192350895671049
605557584706958246
402427894145257864
748271415835398377
24499038756671100
1056116440568813791
184304471326508790
724663591609347755
492157316352570037
816275360209385722
871217320436704440
1040810964002940444
862605504982496203
108709578939430944
923287959845502700
75542686931883948
898859451921716064
245160804422579922
908307490055903953
1002061106427315019
872873745230280128
765656117985803749
701653282905180691
911826305719286903
872895606124524547
156784083956865159
1102536043374233467
1018551647047639496
513039193107151844
780703306022486506
1022228325069932301
908673561258164482
1074493264979660880
292100845385413963
181865143576667347
683422162283670208
1050704568642133408
785915295616021414
448545135776452269
187415110555769424
311461107376352137
348421635375457898
914238417736764934
395092034538616099
496945101718894596
227034203240907147
910141398871836066
948072397602646962
93677313907850243
974592273080432929
91057920545261034
1083315250466161480
826632515749773612
1051444993802647577
102761373973340467
584098560944572392
892645565645655607
1009899730231537115
897351196472368349
458350610795972356
927292731955488639
870312391179767185
246110063354926775
310164356854561892
254266607454698025
918484041996103747
262470947454441585
853613218679869457
103153034544925936
1141530101069567445
1137238864506793502
706750930635465388
358843463150763027
976950162106706481
613587449297399350
911301902055928306
774188191258825659
178601699446885807
102437662882909878
653041064263130464
648518631535302454
1033371053688279957
1028046284367815869
53554313765664793
952408006666690940
470337033266822045
15077708771062998
981871945512639052
232024574359239430
368250428861410549
963415032079183952
454341434265613775
845503651095871824
515803721428530120
1050666425591054695
464887180985098649
799239622837675406
1009828546133256083
1053750735501076576
193662593257765495
1656782774282998
169985773403278951
944928898776197578
228419561759690214
299146826165311986
75540451053778652
518591511978590513
372826419657119602
27368071551468729
224799658082471861
956351720232916717
64250000176423302
645576344894543239
192048561146682682
1071056523786152674
31440061286243808
400612851605850669
528750087554875150
753825537093796707
417743220185155548
1101491443175322584
525548728432811824
296740962636433949
82769467736201147
276903142908738854
238836535793480653
432773064966568621
742459084603145512
344883273158343510
115648902159820553
122996465240678881
1072722941469429893
696197687122846741
414014590057469035
37803372847201450
661032037433321577
666233063319452630
575648748901481841
227631285182242782
478809912149191958
335517450379777193
1078497008306752258
941483225308798310
322872370848648471
261927898242595980
509646302499391719
1123221179119614996
39595196888858527
242988481531023570
1072656012244980426
143482752869706007
1098552616210884752
394128136097926090
1109045661928876057
917147588398879619
579093991608129910
280891992788471974
696379430209068618
789173884239762346
561311862588718337
844143294612522641
233485866696568978
819171282081153868
1132745962905640043
875561875782668070
916952163745358472
797609692286054583
1103616734729341438
662913716533951917
606119902923894971
1143975561132796051
1089961383188493501
1065052728759817262
390786536219231953
491626958769694087
781785554451779340
260718784713125374
163365922448097923
746766692042450016
40681909409997352
1050020593029647538
604130613424625799
1081374662073649749
954359869192314778
207614538449621962
124769824352986940
439661707082517621
221360532813319331
1128519615239698291
818337768833745038
884186074849819474
218962507476434877
158156002371436032
497661228385275114
619950097514199917
161033154090409941
1032257010183999869
31834174532387913
268933654416260704
1105076239804686785
908622095001827959
1013494807726071532
385722827170089291
221482811283301142
931246523657331043
30308343033456531
1104816924483439958
709592863375898224
1149067939728154211
814345457923587728
429624821554974368
272467924122500252
842636510315795107
975492419547317827
820321600549325900
92611453268440900
774408198331650381
712732549272742790
371254379210753442
31883392084622891
140466326008906104
636933593645141377
591584428621956968
780088493199579589
1136859663727555720
1025828317818466117
425104312464019547
1211061348889592
1015795385387306487
83875876680659601
464458739157956410
911623840399242075
1088559241538339951
913456690160362140
25040750204607544
602846716048954287
910776767672966554
640915236589378715
210569813672592335
1116181640178608053
1060005302989411744
242525439633537086
1039918285886575290
777665981519927474
110587480296614726
704217863989047806
382182990615647492
404867468884520072
67118354018774846
496707394697915191
280739793371416292
546125997417810235
349788701507919063
326180006970242477
845977622650806341
766144209128522823
807831404665519288
563054493853754858
541191375623527336
1012081255620722487
794992157916246538
409065309666858785
836523761022277176
753439834155158620
285679063303490535
936245487359195623
219905288370922047
54866072672742144
981981716905505869
102592049119283859
557172035571140513
577595253874567388
68931988555730579
65002327012542197
487017122697263440
932780286650229032
165877187991022912
596064900578799583
28674488760707908
59751299829601882
1044057970557638539
416736478528917185
952076638859660455
724065747747087033
696794527339124672
689256301219297793
377642327233677432
814751110133901839
584817630667883952
75151851661986961
569324452503796179
745325303119081112
1080404624813057375
316145846181012128
1045079753303929241
1017209852058296447
439879868179136217
592673550333274348
180643149298678665
28750048997400424
713006463623095792
815761726803350979
287407898807075550
160337213958128769
353850983156739014
549764246724101341
144755791153914900
528449492718086260
900250883051334616
480786111662117377
918162015762351965
602723396189789943
244700359781527263
37153042702603819
827959281686431543
559158912992089805
484221059884643768
484907344673465925
182324248340218723
1133462039177496560
646619865139221879
827060266244442871
929332430279620865
824545462759711055
32152769733446117
989144188185913089
1114164788057891111
1011513596356743641
574360387086971504
777271408284318050
654012628301506831
147388381593852427
238134394475719316
305678506915148893
276577356364990887
484026337971952557
371906564637898355
98228119811305010
172724779720589158
551487911502053537
213622294720025199
1073167866431255758
237807066237484419
555932798476847478
84291501942846852
205197475139913001
935019498704501714
842535290459654850
524690787494092764
1090688517180614999
1020300594261918366
67714429477553076
803953845905779838
527022403811489652
300464070506918792
722449059584827889
968813152332161881
83223261756162919
1150899618920474233
705040281477301922
499222628831457106
1095266642142984594
1067584815142182982
518704841930679435
527993244327370795
987025431501975060
505622070356005706
896076559754586322
921613433573027521
569156003490553374
991705536817115030
751232701615540188
299939144440342943
464983312235699650
515659434676985541
858015964939979777
115310037682084803
444687398811955202
923960414041162395
819519136799974476
36284887686719059
91534265370656509
653824050205572744
1054945233344724266
572579006611952084
114406464322440811
795160839739818609
535518174641477777
702983059890816298
889988014592410048
1013674489071287134
274191835640645965
96510103712240727
370158091045994957
1053318434804215026
259225199539852796
325736033823219128
858276744225125902
978991196444317379
1010288895114902299
6339079103914800
783387886865528593
481685799175814109
855660655835943996
320870605012707320
907629004724204559
288649050926141569
33742961630183664
814208327019010272
913466696222397150
427238763384345449
749072024200682841
109200395141340054
250410614280928834
950833132193798030
627211103568361228
900051459563062775
2994528178020673
86432043402183004
219268426046074787
229664945666203057
1091581405547582738
192439414543523657
683186616867859684
1029703868688559960
132688050131877960
358075017295194851
399254192413386752
1017305163192927705
85904637730589302
733310327182431129
273072798580149387
520913459113406495
64498165995155706
867929419005613996
518678720437522388
368767880535854460
861638901245596650
168850508912123366
613409113779034034
536084057975352575
170801782737194295
8659319267489195
832600217807246845
470734370809775287
1099001530272780782
819067495171008277
970261107238752272
379669547319856474
1007726482797678232
1087219829114882363
182734153534699544
749033002137575154
369801902009091863
201964095678922984
28551408939857374
771052975347969158
75644590118239007
739473862816053413
1050293913638400062
180891953160704536
884753188444988709
75383605546065679
572646376346259294
385390878324001863
764170851411281559
116890870694215783
180468518021111932
778629193112119154
352235009674141365
556005715865482134
76209990486015234
887268479546181331
1051516474988484822
314961749216715421
900532653504187673
1080871992953135494
637675488029371622
190446576867572791
820159165567711358
825037758308556687
1042952105121747662
916243024249825576
792648795468643665
264863837155292392
97964104817744606
1048116482629550861
714165300063442849
345171427716816747
86332101045254805
175166816811692840
989910907822112096
431475183808490182
563088523781470336
792708317966056824
649632529910457661
953639240614006516
651503545131986846
245473566027801409
34671284578838396
935483702735196766
229251163580061497
629232630772172319
601723131322760364
427563986214683006
54492659281650686
590210683645277865
948213955983421980
751108184645310649
103361147879227190
546814872716935967
207248101450908906
725981779401771125
439327713797004075
420551550710441715
742062863444840724
59636084923160547
1095925730450574557
249885613758291737
431359954496251587
551159309174146401
1122389643876404580
848226789867333568
70247509676345611
143837289075103944
438796019102276118
404774991273164887
607990458947188497
787521092502516954
684045320166486911
55913694263293027
148395131470876278
237182862631619353
58714700903108666
1096300217103075188
1046527120605857888
118089768397724248
948156417515002552
1084732231432377943
509236352069942816
507391715443888889
144238473876954481
551937466143704875
149608931619616094
462230235236563008
1081639325917574491
885069727473850058
620574608831078444
1025604176352858627
1142901437046807669
995344421185844602
843242298572079965
20150111878293502
184280079756080229
883966123694353522
1055845893060541451
808559410499869101
458484960215982137
196752884986508105
456241809112694042
695274516960050235
1012898797884331808
1151062376862896737
857976279524133234
459457322752869671
510402894740420680
1087831189792031296
983338209007420329
678061299345776681
466055745174708056
598453864724778958
63292417726544787
699030043680365346
109777910259545141
136042517777428011
1143120832820903137
1116729681597090232
1011701184516439974
63686096143826426
60522968082238796
1084879296509242583
917566977918276537
460924809315439191
1096322595913137260
315849889886756265
1036452686993755990
112028159714214960
506568576206571052
201623918317983698
836501046085417622
737030257298108430
865142403225800084
243330210922678651
365931725415873197
54148056509217265
467049820789496577
479524481426107778
1124855282948836557
8501057828676206
719740375662412627
219311067176023328
373083069864833717
899455405637778398
1111263758293391075
175132645904129685
1072622427369148298
58338893912521747
243893440705531240
1069157517178817225
104184744903855570
583745512998795181
897210467967784815
1030880307919829341
276946006658208064
657256752048250569
1074386125528193345
12095800375254321
1108206288772778676
1104963326599476198
342727467948074138
431913802602783423
338812147677942395
308307611585676313
470307395344926662
480968517182128071
443257659218393230
16536173619852517
649026343273142060
623205169121214372
160468811309243622
626777850980409906
321702963121809079
582921064604876534
946256933098391980
110743790499371950
160637094894958648
490828181406783482
861662272204537242
664706718210308796
992412522099272957
555561667552163363
130925950400387892
786247239157214655
1082043036834010485
1032711692655891940
664148624659637152
490169575630332519
1044764242793598645
767838697978069094
589071408090358558
567377409080494222
439563832654320583
767696038641411850
322267755330916241
854271899609368506
53065398910218196
803219071410762049
328775681799413708
879795831591206913
1004443150766620580
95318925102419664
721062423391880848
227953072385959149
946343274906652685
35441565109917986
624544587929867772
241017662165212251
317081688520876442
465791232343383888
35320494923395195
548320498515257734
264910801388949656
1054752638821746378
408428290799023788
278639838781910390
767713199919356201
355272193039346132
720525756752189798
887497239355581226
615661098816859078
819861694857424491
595730074729242769
87464052372016588
1034951991561115555
427876977710805574
379353060328382696
526342669031038925
655217607648774051
767674858114355280
754213124467935101
346945457916860297
530025565685273146
870358824896324012
258274756803903839
946387563311969751
72458292761864885
614475390647000403
307386219140033821
878226411746535734
450666540834765362
751470014029865390
996910708739014167
1149701046528437120
911462034495601646
927242433968099132
711163946257273407
344696020184515784
376305599592502553
435057731105298459
346160521499753952
163475850333410133
62074147045548782
16724773713257008
807745695048108788
1109688610819306640
838462260405040503
881972001359928396
161292909585144069
712493464327871191
193144056389090378
965639316788969637
470731118605460093
653614485794653678
1062487695294068877
361724983513827707
601551796205757475
495581267737418476
239049260229744747
61636310390809309
104476956875065741
766187693754637299
196339635831943230
290699047609983178
944270795732281565
749095757837840862
786437623475087882
96016456980933428
1097193035380345534
979145627070014008
112306111363261400
1076471761842961473
627362552848309541
1063146489153093556
886297956394267816
926430826104146394
658103468524185868
311391545314659033
416705073119722824
1055807876182215841
810398943815131600
199178941571669924
271873296405397953
344268938430419200
964047420056409416
25088396650585357
404185412996062928
6138500449089328
669781209458348831
1003980148343563328
352466353451236345
553441346658942290
174086271134560202
659348956064924427
24695004845336213
90778711122843014
663705023167263243
397548287387410095
662576519700093966
447061472161671780
96559611630735541
1060036448568528005
477265571725889820
559672875413203578
561484104138255940
742268885722291723
791853542993188836
156517327097970070
431822171628251234
549282478658971415
941047994136664265
509055252572204549
1011194264565195686
265068062008778229
193453394696055418
174919658081780378
1052865197738435637
214392690196017555
1126905145460086244
667349948916288469
843556958978250117
1151752742456018417
1134006518846761909
912632956867044175
411732129674632193
662604691893215197
243421437390804387
20169970935139476
825703690783340100
949503325798938901
963054677067559469
696002522721932728
654603621134773158
639437454561672119
979285029243504316
937661109662143326
475232059652515200
870288449028696986
139849874418367346
762502151267309283
357452322972759527
148534285796796550
517649477669085579
421366874681869394
133264965903787050
265007625568913720
133673349338209491
473268607403886851
1104735399225556405
894693791625174804
191237720787876976
721312145856693601
827031045772701451
887836809685196834
351794550844545147
224940537741234864
618773615684655863
862017467367436010
198448692889285463
890742348775638255
1119288288813896623
1110095435361439682
819875935369558207
989773565167811215
184039798232090043
341594820431962769
177123577139492179
490175311944039717
869892743588402315
561436713925883559
255460051518871516
1089266503353015618
554019856451751524
570238968256181865
379704510112848875
1096143628120009185
1065449825814226864
104048996540223369
661890381339331369
240024194263969616
1020587542369465371
683763490157263412
523470216604654755
287629132366515832
677618567724396367
418290481852851720
805513900964092222
917914640628755279
25230789987120826
584698837488195653
576678755974418169
79292822399287358
834643250935224286
753629117530218427
1016971597654632736
768043527025244834
170475515191486162
1043910055533711919
841151242062997071
1044641007384371593
455704206891981427
857014508982291968
588622985685323106
1130150182563939440
107145912957769179
138353119412537615
651549245971350097
692574175291865406
49182922783805028
435434786494843099
1004253287775711501
415027902798356173
700373193811671113
684574595182330408
1123490896575430385
295041102204263334
727077363768405321
998033408050827200
14539068237099359
849770116459206645
105549912459758537
23698108532817663
22594588749063787
826000502744799409
809571170554731384
644105261047175059
951888625530516939
1066596316884318928
30206041291209722
578861186480072897
952922802173268473
1124000981007344248
308824437356126660
1139868177651827921
656035469870247589
961627857663318162
718606085886323749
442227058587850324
209203494792928337
156434676942284451
430963711121734653
84799381467733172
43523113118562933
1112346575446328440
695957610319322056
740509966577966052
325380957963563354
98960064531922361
142173634127644691
361002368200860843
571352827681562652
738894451184708315
429735287715985319
755929611630795763
1151889626791929769
560792714428867162
463915448007004366
583661469032669981
486287827032076011
733614246038768456
583240401112828959
984089330688265621
336076063412217985
117447007332146369
147668833541169061
770728562777380375
830525898766122937
367966476070706470
116782949441267505
435224751708178225
311862683436651289
1109955046931396423
538170772020114485
37738295230869858
1047539890051392269
58920755831485833
241420048324016766
112605491270380895
524378577613525282
607552057602423884
356206291184740349
576089660467499901
737024043854213003
909418691220923788
280968805999669701
62436961407446658
551331415527165594
410642288928987979
741990427577151779
282427913725216490
363037401582186466
886750373296002525
388267226423755080
153617332154457941
211953298492788759
234409570433208259
1061994011209645710
854068857546778028
585163360320011178
1084072738960118792
31501527948018277
483903570233721878
627947700087367345
1022573525715450266
730457915662376372
1131931731866230514
1122453208739192671
44317256731169886
869770689269162858
678424736810810047
794193235401220221
58953075933080689
743925833763451283
348885605653031810
982942083521149618
734038664051047510
759029104534159310
393458558222601431
616741854843763486
401780542994599917
649562888147165269
188414003090488434
584134640056293609
15335719909918697
626020646413679317
197496832708382126
737269073276200872
754184453503455556
826125588451367678
828362397631647465
861070253158983144
671190284345974391
147743443071430701
888982415786005358
419643404452288050
1132069720541186056
571015648747310553
713652138240701359
805065712564418608
326450756139356633
703089090138472875
548507050802294344
779536817609890105
947773286952241584
675921927862883863
940823069635372549
711857850828280719
821504777532178985
884308013777960531
958246773700651384
673941599420090042
801355497512978643
242588074655125148
108564148685271111
1134208792892161556
19303865329608278
169549519679496418
461297400913927743
340347682173208197
882989049362755193
661546079777751457
263940105616162001
314351860659132459
1048888342133939764
818120827897444858
33581908299301069
81574266670311424
568396771746516270
987592150964334001
740494413470756992
789625558655476715
801416231327069255
828586915640800344
792400985028078604
635582504455957577
44745226013014504
709965603859665964
214062915926519157
1067624417460832827
863208284021563217
999071541811077405
198142918153771416
563963169499003336
627890918776627996
269919601916563702
968747810908068549
244156309133363944
139484367099316991
826965533891710734
905092374240293493
270507733902452255
480406302753818434
705952661717609714
865323019837457968
925421426010285831
920354859554435893
249850679963990241
63625382946035396
805296993457619182
979920279805021589
550747340122034271
151725046968325279
487272714253919352
975801315306920573
140225539377770303
750281360311059353
964612462382799188
789028430808082970
594176750842958329
178996048618003997
564545424496539551
769515651430794504
765187212134450333
5102725514791812
64049871134760895
1133882360905750238
857941390674963183
846752310600107715
1113157551161408072
60937093168763265
86359626258409160
842618011312737855
221423219127784846
455729629571374680
935461425269211192
253043196063863998
627476922238992934
1152326781389368220
423416215921224597
165586884675763341
68387958844702441
451507079249612216
345530651160496983
971201964995098073
44251553599373000
365434439037720882
712368478599879265
1014051457309139027
848264138507745874
1062336153753884659
68417180903284756
98787934031378106
163569921111518048
115882926384375213
424044193989752355
816568536044096753
631698597643246598
344032712523385036
1031348403069176659
1033563716786928082
132189227591575481
534089267156916675
903976869293093998
1103152916439143767
860717689703374663
1009476926337891272
1141518579095297399
872542041472002453
105625867631059655
751142381092194927
642330241929930855
25147522217095007
252444037108133036
764047071652966270
205591694473195999
1075449045605275663
795973861320403251
868580049531516869
631228242645792372
2716094395755211
249506842182875964
386085906035969455
966629108902068978
344504059113120373
1056279097467395746
931234297448965790
1127455102462067985
929841473348300407
309219215352026912
865939210444364638
1004248698459328514
879636532686789672
551529726394814695
423242273333018239
475425664263491092
1066780695619612528
867813342540696565
606253157497139129
835745123853455916
86496887994111972
802416922654028961
506672680856333764
306589710547870982
968533304186878573
437425068906582330
707455760464808788
142693681454076824
192940853779198548
812145582977831785
374181924701678689
616006058502971594
576039059312389217
461834786446948588
440406081343246428
71806540902757052
119133321239896968
566149905910183735
149458886958212223
574098477655415619
1122288906119663212
387619304225249408
915092053082733845
728685909458919587
154526169393324987
244055965494858165
1026569678416144319
465268919947193376
1008255733870684602
506422481645094556
646425779694778882
104177177987978671
1026133932923980040
801781827980583208
660895524210590612
228245617165364829
499683049245348364
292601061775410339
1061829168898243131
559533791164639931
1072829196376637200
298943995495721789
938838048193576210
1135431522609945395
1097815247946952052
1029226173635621511
8464914888880291
964154480849496494
974742757359566816
427433763595291342
593263654630494464
749252829828093827
973141216468423159
995033759808360946
957892086072077091
201280725909316141
9931465361399336
1064052790447447966
379859197837156575
318039036948115389
874537574851527313
155083660201095065
590915768417505148
1061346832726052447
469993458286135033
768167340268671789
424873751454423615
321544991421358690
290148666522158584
176714604780222111
936594977186259788
595018910889414891
983564776796323631
193736922275303930
828444306889530229
658233904472010961
852958959338010887
40831244593246097
304650155652656697
721272199897321123
969122497205901777
641246263435499906
206072519940503781
727608037126124586
473344116946566404
1018676671514640877
367978755576171702
1098710343952912486
915845837807047485
1100541789489201372
868923196229712559
944308322840511836
796078760928133865
715661905162098610
33204717545884752
471603534549875242
627275653649017187
478775565376202435
184394883856023979
1001067280386993112
920365569520359292
29301050061983615
930425936903094482
1115893395481858091
42595945870716567
76330425583070299
529397783113872408
182942465478752199
1021724852497878545
321018331950605721
339913308209581407
953220469533856489
699939369440984252
22551537214759202
568957659571000173
781368433506185765
135131855090559937
130338830724921205
901232935108227538
156648759352439275
833760534498878767
907395524048511709
1109231763941869768
798828713392693915
10448962943763784
1113311751491700474
955451185501017269
945084623637328636
114538624767813322
568319798463083066
1028523563834733401
293995960898804368
611215770589772184
614826926061448228
367585573393217541
607080320316267397
965040498741431980
570897022151520302
941111673273954372
1093097921937152134
34393834213793451
1091888300269610258
727364677357438600
862089844518088773
1038831123943897429
532628061118578339
171828756318816623
892057618553008637
240965623094168913
572397989472135239
115146222650022554
745189965291437195
1108312645458421834
581215838067114405
744023097993804718
878590899642106849
733220311373350870
53969786254859418
12239914873814399
85488836609109528
98616723168928968
906717510396211759
89262039677308741
373330005527093276
266966606232248429
220071304112061206
77238310364930612
883473035842839978
1140202037055766969
327629419915041726
493232072882573184
1110313711096344763
200907306420944669
351964529316262702
1125643306240175135
983103299937354402
751442885317435570
393888210680445311
435643388513092489
476237324991176487
726531480215754723
336764313943016554
339522966588720128
869892844343068936
567154401906973930
998524962001729317
223350566252154016
1147269345217523207
419698271053837860
840764759707769521
71627645276397097
69720476963334434
155515774416342190
126696590237836040
1064887591142477717
372860575283823181
24947112467342403
510296122829834279
195470963541752508
130970245303502886
1090823230894823772
240458427376835933
365001337343515521
722937000561273365
310566371428051243
562979699067237448
1058543985894126035
877094300634528988
207569381045495191
22388023757951127
869098406236922482
225380155355823381
109048389860576590
173952651697241041
423513500515474477
216289428460994450
474533947943526917
639981564662388731
244508009166641966
367133348001576875
186930509731733277
665918671370021868
182185944161885157
714061857876458807
203943823767630651
372213815750415838
660421104378947118
10560895020296066
500681117975327127
1070062616936908500
1076646596708434214
78527210771454413
222435556433998895
863351139762578391
514617326240000715
1010087760677713554
1143435037971331558
358689550096012370
527273863945365959
605440560780605643
997788762157148030
461381048028966241
39872996565034935
945619422886848740
601719193505365119
181546033768335981
1118956775196253854
98443094315942960
516298578737147001
358459224242250251
899206168504934227
676301775129168582
761889086145338173
518576807485055537
13057130547165964
157290783350567679
1046429500052579727
978999066785779232
292574596063514980
70854887107631114
758131136483542866
821921850477416675
1130643861850549664
781288368285224056
1027715071495296488
477109532954697938
33162165906384844
1139804039630305176
325647960026681422
453660145580299211
204089717399373694
213045371569357829
633701965799469588
303371927974044044
44376467215970341
793747573677417310
835169423460039623
931793190912002171
64288991873242977
525979377707159656
729140389840042347
512444755616866574
444919148076188245
1117196472582510785
846752815371185530
212028840037701952
597608942215475492
924043635816103384
1054266125909926148
1040595667850138171
835229600884311900
350692290654868733
526804238461099789
143937403693163433
182178193791228581
1065269854206358887
273590963524985651
785896221243417277
287222110683241680
240547105386693665
161696598483397932
1056808320331242941
872239408835918642
256685721099421492
505792066175939423
936645035326493733
1112457546833828374
1138807587430142573
668681939459638798
964100057417575937
1057031684408770562
256590477820677322
284016001867049695
595508722016888513
31539965023735816
874269605835623643
237373034793415494
384558144862837593
135502354142110133
991400605949993969
778491364644114873
889005861150581915
522451190719214597
258081395605538163
370665866896806735
395438096667252178
326630242155094470
70202473527747979
712370884299998354
1147843362021495667
783293204551517345
921522085723031749
378627758591832890
385708630807777965
742185953860696188
464273996937838438
414074954242873189
739673984603434556
1022095156896153320
464088927821196561
932819453301538162
786051588090985087
896576500107344952
637362480477040706
639587150024430344
641919331016235913
218765146439550962
864118597684625806
278441634180246458
870583663617226702
305802622756768705
22149253523091221
1108756304423603692
1012832753697485
690338724595711133
690457168816315707
580979757149183758
383720275546496213
747091249831185870
515508689980827663
1032052359492877174
892158700638164190
189353549075182110
146811197892397996
689386762430030818
488541825350372839
58523829125938396
898136968969625176
928746541872847856
301175782959892837
1122989301684857355
898936477144501440
952053506659773692
945035116347392695
461737564798674283
1111676557465597345
384062549802240639
403445058985716619
73438269635825612
517421505027334326
77790647932331957
973633770434607664
517943218653501359
510372863451408186
1054542496555059508
823515203902925103
764730651354451567
473171430576724274
953573796911088225
383446025450703866
331876149538073340
788693661290945299
680676727431770730
757422324381190255
423402479935056951
742588441391725136
415555329904858057
1020706693375419524
762614989652959734
612978592268034608
1009862904654968595
477850226527306801
216173297276249263
1002385460006235233
676599605603902314
762889468354386014
1152031548459318236
856408561913095097
494184798208047273
235745029685598818
404798321833524186
469165294397272766
614179709121769794
375336717547664959
729070506300974907
444008055210485863
184244014224374064
769513709092964093
373974581797575193
643891645399707084
904961075365998913
846938805274442177
13697379304133547
289561839434543897
773379102491390319
742238490485679909
680850740592156298
420385826440042197
1072087949525277269
878601630494873593
688859790758165546
886787515254420036
818069501983430974
832863585048732742
966379792111374332
1091390403548704828
383274983584230019
782241293027949262
242050879195519085
621735906027434970
1017464603694444745
320953188679799331
758311542328411384
754405397843380472
767476543860329834
1065551056348407112
68955111894587350
629265745517470863
68108930562895074
664182836820870388
932231497234149093
464662315605816739
321933975049940031
571139038910381578
1104694476350026816
988077683709702592
159155706837868609
579947852171695912
1018985363572906309
893618436415019740
575671633427912713
1067624146387436311
419933485515845679
13460005664142233
821026709828700066
129950730466088260
1152915253764472535
172956596748428971
384632688269588182
89662294867812666
1042661235195257883
290385102808517927
256815665089502066
46290679278827374
677555864179541604
400333011727075855
241300587835048827
765288271761009012
743787305555861904
275332526511317166
971096884308143184
367232440803217833
566507161458031013
569743485588775793
222409370640045185
386814485448808977
876693350187344474
454541632533668004
725681029237992525
391671268685131126
1041881963241877579
788209155381823891
20734076488564197
681319429566932594
873351864417699198
1122164606994771097
868114134903295200
1114657624631093351
575600625435106328
46580380031499140
683532762197666467
487578425605643550
842747583655760580
843878026299468504
177927323824829035
1052043943047061538
593445781455560137
561508252135054473
1022682281989813365
825211938214482827
322341945097517818
265080995790828188
626247638572411471
1139689106622291952
654776896484563590
51570458283106601
987610839505584729
376692676018717223
243490994050162394
62466604223898321
582983285187902802
1139708252328150363
65907181923965690
1032936847899652121
473361063662733087
535740621671662276
73843086226019005
599345213614340042
1029194270748665114
1081456695443494819
16184131398629106
525270534891341500
191747166664957571
103314868984579089
164553207167035530
32032761305696951
848774798185596371
692773280127279495
780451440507156394
25355243887452178
829802046623359051
304299744814546484
61199045027532649
1011994467619051719
1115821026327117343
700894094348684430
796414086961581180
500444281258815959
83657552369146781
253570261689877226
138587744426310872
850459939163222049
523668512001278710
944909190775988079
44570111027539990
537714891284994025
655527429910320082
1099292401322320813
41968991042657770
398986879359628269
311878510436433571
458842978113938969
386416148104853138
985857300133533757
336455628350225994
1053990031920451778
1047093961312043036
616870050220378403
683134088979507186
1042982883285366356
687003338093488333
500020012578445486
1114780767734989347
613197540454759043
1137771340827179397
1112407632177862384
1114510762055827982
232427347803259721
737474865026034064
232239580029055652
440163278487860068
559859574408807058
44425545772646198
937683985515119172
42262823690672184
109201615251414182
901609990726812710
734171395559532651
1058966739575046271
684847513362607116
565441838130850162
136809892171202315
345554112437732245
274468626031257731
522637328174516154
1119639424797880625
1150608119312281730
18613038432697360
213698863842116090
70826470241959678
162639190098810997
1092871023832586145
627791147818595776
367279027070127134
1068889655073739466
869304443440220878
554330873984630719
603581095985187549
150948770958071794
923301142436448970
315434720725417
487516680135868636
49362678952673369
15394810449987311
1103759556652537867
819820215871923625
201737935063362156
519879987331007803
364474854655641583
59914150233181965
200749033241108833
595366143196429042
269600856867023769
593830322049202272
7709080305498360
632854166995300231
92179639354988088
72401229897360651
972494929891789366
1054550991832009518
987950113297549679
393275391123755806
999243097602895497
749271450110867600
606524410788570231
808857082370287243
750884735264994833
959514501938762664
726896114770069492
680822232223273539
284235244277630985
152837831056287651
1020614900283171465
884928054289954934
313990847238872955
311816231407934038
878575721428478940
813808130674771427
369447020736398094
521447496459017472
788065412494643259
49341634302329907
829975002703366098
349086264540006130
755089935391969620
687944138291044237
1092557212623319485
436854397124075046
120680655198683782
1072303685653692589
237363365074716430
362105430166917646
389511754652251942
760677162963472238
34206536465248477
705735754852562711
766242688221308275
221305787676447884
350241856747492930
419922285931117920
442460018079677886
364036367536264684
1057128172355082988
166773432827626085
592932207305136743
854949889822815495
1067524846105296526
401910533684469622
352063726236943335
985583437519415944
923603778135031043
1142383186356495088
1109695709422987901
824700977847964968
596165974822383224
646485727527033533
877833432575320472
568143588695223836
1084441040049686893
311351837191127420
260751653985270121
817688372747975139
747090150071666406
782269812784299066
748659234698243401
383375229436099908
902024038718515085
1041656379827574938
919638966225108866
1071547914931065212
275451104841477132
228143249975523362
889149409500553092
126400033052382028
739200751157769119
41087702565123301
542113979135046037
652125111739493884
422616656784359033
1075848812340154449
1042473097804631702
371383567532218383
1139677094080157173
447088852680069234
667467892575254980
328841799459102985
897172041192493873
545801353328343306
54427862630848577
859917821238022290
851548781221105735
756729183564193227
998458147172711212
987224552928666388
454270184300456131
1086501059232673585
723837224477409752
45968118390647871
971365271040033970
656054341426678427
229746928280825376
529834929477077205
891455891797249880
781445092368886426
369031051075502151
985688463888003185
1112387523860169842
267712922450200198
638065917925232803
868913875717828178
129897521807675982
180487853507847108
242711426241224959
688347804209713307
34751197246135202
43520474170028637
395086179416593786
552875851513544290
334346876833973332
2711358263603897
187467216872228604
676077515244721934
211927183379440298
528673007508475998
239708623622703492
170632168183552831
897138579171822035
970398748470995705
240640397035964829
231966449322189842
298878244890544614
298254595040698983
265327487653649499
159778632101918483
1085754349407865743
685960942878183214
860690512437448896
1030644515014805868
749317237758514332
691541241543985254
927018205660983688
534652211002662421
466245700608215298
11928587950369737
1064448339180171179
703959855415542024
749478301570224950
922523747740834436
1135717861088547810
496456705705430656
841951452648504212
49614689542149164
189860175664073132
454429132059054481
130611090644680394
307317323140648047
199641394528056458
515019648355721075
190004443171233239
702969270534647802
902681692978065095
1130467258345385746
486299815714911478
752618587117522376
504090927997613399
263911221597074359
24689235020293840
472481655044574787
691708575330986477
436661340991150203
469949566251825583
352531022650271884
1090085779384373232
471542930275884517
718895426922522750
969959234055171535
666281634526660525
734977501783971878
391767959233308608
293268877053251475
924850902137913405
644407770276799411
1068636023934301237
952496112670174347
329043725884278455
435859691219640565
774445310163444791
700902748173577693
510036480378201180
553227387283308276
437818428893132074
1121909740555599365
18795605137734790
751157576989863657
388155866539116929
410884416411986739
403413358573984340
64559175675089775
737050878446768468
660934953476411627
454931773903318266
219507950484178211
71218128829358364
654006785996637354
924359920901983785
911101012731096013
536889130724760551
1101879828564190480
334142221227267721
999317498663228867
522234573361426211
603271563561778458
502257509002706799
1132524129247323089
866383652877241189
1073267565099705096
1044231819127054412
688761297431027111
1090973456456368686
1011662990181186290
607780164886237354
847884840422638231
742268838954934128
286076817088064774
783165672200543278
671873183020107997
573342371087085051
16643533289217578
328850394497113866
1095181918625813980
825337769048470991
142919960489983109
1096230500126337559
218753727997645244
404880225435069199
1074563903158512683
1144700906134768797
28436306982203515
1050388756418156983
480696039806339775
991895745592378472
1090538177371218047
707929234917519599
1069017292278473363
38863066892668436
663382625729059608
291059077306717552
176684502602335482
321260939227033304
737563339474703322
538183882540745247
990148350853420787
1020169196082430786
882547352119780520
708955826131034544
645594221929252480
40127845340739821
118997552665259685
548049890194220868
536626385964846498
76447364111941211
1125066209782693917
842543478744775245
120766879358917597
304517784822599736
73967460191559530
710768320465943077
153731417250892807
1027403309516719225
333168669169569666
575079666319700941
740744554788477772
215777816603047639
59449746828822380
335482942851688711
1135997060034650472
997610017468355894
441773094193072902
497088868738679886
301203659070970263
670056783087080088
145236910864608164
48933317450757387
656696991348036540
1018772770712066563
1118112448625876523
507047097620529203
747830530500961043
756277883223574961
822159578504499988
434052848416905095
5284180895451129
990049732695323821
1149786197398421506
117397205317506199
495753568004785618
244679336155620617
793400883882363272
500308529453018970
587691765754507396
129139694137937791
917915852105961732
880073156382726701
1057894957836621086
650054619789109790
499841790069518695
1095677839653896831
334990648945811279
522883806774193656
758236711811851077
425930585942673695
978732291373292491
242870753489070582
59482008396030400
214053474273061737
51535903550564222
218915312424855860
687821493886368710
67692913272821371
120110976426433138
776768122061014635
280498580656939486
734490992215532335
1088756474994491687
18061401736191977
67716888443416301
333771472170620695
257658925744333507
612695293765934932
401861830590253603
419696443815473936
659356059118489776
481912704341520389
565866430355467578
191637181933954123
847346005886005296
426143435752121617
207686562478480567
758973061429810372
722492514049016678
931449304226460114
982136331061367028
349325633985047141
822764294664064121
384816707575432262
1031080871513739268
798731026482917000
459133470646067199
91443067276794465
600139130473666033
1004703809181209799
885888750856873638
1068378751261971032
376384343018055144
257593314375940921
335120973196015730
844452233446521864
10836971279108746
875216154842549084
987353350353475212
527083816979744638
730319261078980716
419875802560081519
131919250012935797
481189788944422315
303832120729886587
194796210876110487
677634060019473060
93662143091252894
661600805449451260
803051541991214823
1151772461172663409
741784887241683825
211229054605530652
277162876409753578
294852742185206624
860109940471544641
897824644344518875
1018605814232566337
798945281098146077
194219753319389599
975287799354189492
691039353407319659
1065558298787894007
802428383534117891
127213566042441597
768662925165289668
213228776134561981
595260031052628600
6547130142603554
537323149152236268
954898193228825335
936784956624687468
396207131257606371
661629040974720731
108880936753461580
1038988146599456218
931341174814333101
1013417559660116858
1046120071054202065
216648951551333678
44537662945427919
1080828257162308117
413573083482830573
1081212699871468671
974379657169778719
434482889048032998
966732691781930140
785179548507008556
167309974616981636
216088810489569877
583855716564117190
1101158958933730843
895093502206745625
417703326107696157
634262221494774965
46097923711782496
943011494111570218
162779615936326493
722550082519568048
186449077251676965
906173099149748191
338099699604848857
854627051048740342
87579192037443507
615166173707861066
792041203854447575
1133385632059731754
195880331448636825
423119095194011483
778371759852945962
363602029460871992
972245713336146825
371100960235760453
1095021539144234725
450282651628060092
423021025631109064
424292632556040392
670852183907155987
152431437103299017
6792040427914445
127569786012005329
300821524082552372
526666646354076241
489584939378424597
272294106317944834
1028016838066846847
847235265108454657
788211983757833412
1027619668284994671
165212675234789433
402018550904395794
312467248075743172
422926068627494382
611546207032811157
593626620365916666
896460600906403484
847762758790883896
526541236797415253
1019807418851332929
292104807966292030
630132253780197878
401807061014078198
734162332080797340
442181495106386700
132549157226236571
745983551882927367
224961874074233132
1031175297774806253
581208459437902008
926554261043099514
224363387246737691
198498755157745239
220407506858064896
942187067992163826
264221806614287480
743117827621797859
430726537054935907
57695052770539524
612676595055729409
772653135466745124
161588558340221856
947040938580203019
477135073346917143
497924412941260891
399512904695863121
85484679378676894
38907213867006668
726252632081156893
174078993394814137
836414176197319527
298315866616511386
321211582161527825
1151695389807022719
695714869802885433
1005519790794087143
12255225535189891
986700346572805846
843430364445694254
1018467854555533868
424993875965252619
52653210542255230
505874094082254714
291808746028158634
824261560437146243
33232314799772278
496633737790376971
730888797950962550
35401509229332228
31004104067308297
123198685619916639
378940939805458459
602566823995540012
452322660469503762
918661951689534889
788380452485437415
601513499770783581
785335688298683099
1065620799336999257
1033834892254730702
36103408036084309
398091569499332637
497073821947342002
535197450110842847
900179259487840668
621226799349657605
902932863501326998
1146496674925860329
657798019635600865
660867026828146761
70868799392616455
290675650891737297
686727414953566794
610159682921198630
643675800871573486
910523142977825565
701805586221853474
761274670621232471
496245414755220357
236980787736475591
1120618267063039353
48448303047970664
271039502933970104
676678598457349465
265109022399171250
1695542910053531
568397199328713359
742085818134721975
34127885516940358
353290449849122387
104583236148106555
13304949979860031
557885503763907285
788810536049323263
655680138861167514
438302046344831895
528643305933398805
199706952859373508
354719902582651918
457758263871994961
34994107185911859
537023863618748473
560098890175611360
246646094195995797
686712626757332671
567161577045722450
1039110763816518770
306324049602949433
366985155281671215
823129523360897860
49239094607588761
583532927909891017
1117333667452266708
559797652103067259
97922588625047593
451743048508129195
13578262180968505
159855634324690126
907065177865229326
400420544509594389
226297994101727604
472885308797717466
971988063086949410
152585547978795099
307640690169073394
454451250837346198
238608444274980077
1004334382859857119
974921635406673969
961350460147212679
121350629624826797
675701123838967088
347415236183227875
632926658881471220
308765540379250390
498551778418781651
972554850434597252
196677367207159094
159636089522975633
947257762135746087
678430673485527679
731651352583126165
201725890205781521
565519617505275199
404182746957267795
1152660768953016175
236581024326258555
1067907605940899122
1034339760171477248
1089320489648594416
198344343859560231
906946035077709869
340944888973981627
776051056662997979
634782189495087564
164263782176215303
185673718134849302
1140420448539113477
854239264075685377
444871035213267859
1136938661339398104
891115568087836210
1152885541833304453
216346460164106366
1023134134142732628
82856890869453093
444396318905301707
300175014302251008
811738241757311838
803433000454472713
729385911596665264
129155677661193112
488465215821922976
564767953561354834
1102869383707625304
1137307539855926120
788256194110363379
152455854753038873
182464069433985932
967271105171097641
759105291187652689
493816397142046439
826116330126691284
702601861071359525
161357870687176492
854842827038755855
1119482015966555925
811598499832281469
984125033865523813
844052949953994315
69472824931278587
176088755342356027
1138645274243336271
318172637557239548
62734165096968007
457039147812854365
878442933725497132
858980033659112782
688454424272165744
483931982300514757
922112430508712801
153279820584926824
930474569365762572
898143631020050504
179426197463544999
1090624476497447121
888780639439133399
218983164065797109
660273588074984714
326107674672656471
1101952577677827617
1126197139936953733
62379479149375334
1088877059561269991
8314479213695355
875977776586381990
557603498690006793
1040706312484395979
7564584742872009
14984779446585893
1117745952329042159
107917642840693415
27670083866684939
762028858615686144
24328649965342261
464067502804372092
397257506042862499
731022816773228051
49411565188363742
318304978206383358
758429426624350657
271817353588177521
36943511657802252
658480581586348311
235822669125215669
1111752843989650737
811746452574175204
810089708251824169
681592368738459803
425754546832327263
343426119721801068
989092827372219986
344530846793934127
861265971429349911
667398702644887197
35197488821793966
1148273188327980814
374420704602325059
347420759973244968
696464647885134362
1113733529001028763
106357093475630156
803569761625983665
743368762092279441
123991450049680239
441966361448235682
944651468663541424
225854453911607103
982962306805368986
390704116569977139
741626629152790476
289879334314352407
649258001010116128
1112395441689917067
918399408224230839
813309984444932052
1108051160012247355
1014748612324569939
956440262273448646
316324732574711
402651205780575656
397538146745480630
825795706003849067
349942286215593750
492531616625364993
1030261640239539227
362733332842295784
849655915194802339
876375062335210549
747724968583789370
223947539686509232
195919456250449905
1033951824859326006
805593045615706743
1011281797841514956
1094816331694587988
501619121149996230
389182531806634959
386107506120076394
170738610899512875
676637854324750126
862151403368928325
957013489628335372
130033350510459321
346252241626460758
934870050482631141
163485660252694355
413226057688791951
168054823624281833
974990689174037209
1035315209497476160
