60 5000
451949437437767842
1109348599123064709
818046677293650640
840639494244636366
1004810716738348324
926503257653403060
262595133728002294
656567305662301921
327921200894930843
432972331082215160
249135582346167351
598281115783971016
418693853521883987
793528481013169562
797075812429947956
266441074668621235
493724422752712836
1021868775879585237
232561892659970321
1150215361693749028
59503218090465219
558145346513840477
95228908246793643
533693399289318167
1029491214292730015
1017638777983798465
997652492599809453
5604470317580372
92257573981516920
327950636821347462
1014799597328006440
701922845164309625
318181733918634174
740085072746526877
1026450855329877322
891631208002148519
96844151463454044
307956010438153971
1101569142113030121
430722496240371730
731975574080418261
937241403355712207
419723396153980477
392854693474553280
167890597562629745
299620184271312849
724156865093918824
121055465478768765
334564170870215617
399257941879707306
1095737744932031304
1141910032166543544
1010925203598431661
574809100914414525
755574757623195410
505253735478715475
532490581202673516
780841210865831841
1126677949013672621
525553664340043813
1145792967338029722
1002941380957506062
784223542429791613
304431685578422164
1095222552093479630
105567441430073195
980027566421757544
847486590911577813
659336056387373726
155786593601920713
714352728547253313
486783536063881232
475813072974675168
810361613870922099
712718330999649174
933346909861103309
1018978171838662841
918935765983971793
730494336467428248
412973178715462236
738041756317074779
595407435839999642
1138303183594227241
1070150978762841334
579096294229627792
1012531320279574488
238341822231229832
781953180960518149
287104949111320270
1017659706451168726
760778798051861986
561490574128755740
18145816176895574
943664233405964041
200282395777822153
295331680217730150
218525382901178858
124183672566065626
927180919137906697
684010570998559016
252916370830165714
840026905706282345
248088216714990109
338423718128574606
545763693555871849
143486501083726263
316896132524106314
982713680479260967
796578613277841732
122707379590161736
906950807873859385
274994620162742426
953109584976380373
676106604334447977
718382855165638354
960435764479240329
590602336583147639
168191174956073949
32162862635946815
245590834813877553
1127640900276283227
401579953271205632
1077429094894313478
747968695853276722
33013461901252688
944206941065416896
856382742355821279
899372455947570309
905049430744778203
346723999198100419
827693149781698386
1101178435204150680
1147361946572791082
582945421593884098
327654171857455325
875636822476808942
428558543243716687
784753423481074197
227936011585449851
985047503463389938
706892367691840550
641243498632273314
883926260387588728
70087585563302764
1030884079684148889
82905330283847891
227723190734352737
210588881270798819
371858866788056348
546858564560756740
172107986699588163
845763493513901627
455478284046628763
1146601749501799191
20249974756317947
539786660929971627
859840417307058240
834885403742810356
633656448118810643
446697994127124890
204159839573606925
836763193058112241
325524716968690204
493175284627956714
710909532707207769
375881027273192039
1046066635648720591
65563403035565185
1131353900560172429
655892296031739108
911045131608880632
554174990287860665
431205457293449685
681307943574682307
429958398480257100
354452192224815102
1084211847865951135
299259957810463274
961387418916177615
14664759882373646
683152533970192868
366932946492519051
66382519055261885
1072045457150048553
703399395383185206
1023996459697590059
822066912091145878
1015554591679824329
460543383476499622
993790340402758447
643372763752304152
795392152288738478
860701306708195524
1097805971352382038
54144179140266963
945890411233634439
708771365454505578
1089495321103390158
798903833682904121
428842055831849440
999072585046513721
890161977236173056
123460985431127047
793699282274724817
229523473818612808
271200024988903272
5193393453107939
390642961855160684
912567604285384499
113421544434406125
609781043004783922
1094514455401860954
44223579397902110
489939692077446628
909377248710404934
111415549533765880
401288462683254456
87991299025523266
491723843867046196
774918765776724865
176689216504767887
635518487254985982
1042077606288500841
589198893739918166
546971465885936523
262083069753594950
395105801809313270
270316408998241116
1065533192298797890
275235473932036343
248129975096130873
927847204930832282
670471657639898192
207353362110887909
728860744072189200
154418911294308432
1078813088908428201
688773931072373034
175127141164921503
362794329202442015
485211831611570237
515797990697501502
1112369243952034951
860948820276050480
111945804899273301
891747071493698716
883058150006602742
881865307054209714
634166840945004697
874436543740316167
199009429668183272
234105003187991857
108655238181485384
1118550330924929986
173291349918948338
442799582496277961
67937172158205978
278759648425748074
869628433717340342
654322326401312422
371849221907399353
894903225656216143
401911296742653364
330239730339012956
931428146545956834
684332394090470535
1141110777960411058
829097406126254770
104061663595485551
123929554430977616
394218279800520694
325729843231743442
480382139346694433
1140020526300722919
63387552645425152
793162127853071859
726006485373249101
806240402635602473
637062433343976228
518998175632676966
746135465060021848
200004745804635346
443545056558880029
561103851293571592
752896290537711295
479888881093711260
604523292243465217
316256268128463187
604189001844982522
15919719790726072
169825786419385556
453547634666362664
651216606928873488
131205543092195459
780187026156001820
1067493471774368058
608880130862865912
1082609981060061159
984756678238737103
110363777980230967
1117200589967831506
597297120285679246
935681850158650771
736201787600303110
128628071238463882
233091166082112155
573916757851506387
1126127252142989217
346740170548269262
897303485290475966
80619526941738589
32403428899689563
651460679697593586
888556723234820176
1140287435012458373
782970593581607148
795533908676008910
330244318774664585
1091933522978512197
679730894670020812
12967045393164372
193526923966510929
597841912626713331
648189944516373462
536214352904539050
735700553666979925
1116891829687932093
1083869563036247410
175145625790667782
26714167180851515
394873967837599788
603686521473447898
705092052981494342
22092132492023345
350158713452846018
925711005905146542
1137357958151880255
680132824044466803
289718124745667871
819076172342075561
972539015218531223
1031772181572844795
239060723324583114
388965187885657544
650746857518817495
802107943504787792
881751369705793343
45238113138189982
620070225850142225
766725144767962313
264469380359753260
629095926778171964
543351702666806749
602290709651954012
998462193200495691
546513550364776290
341874433322614345
87919145994815696
800423537023394513
192986493759825829
140918860753141381
340951279650223054
663704197347846505
769736249110221891
686131032911215941
342501856671213309
1146305560139612395
233952856253783027
834311839388294070
302188799404857032
287947647745950676
191392230352554567
362879020902249244
506250729569117232
172451604818944134
7428962316507975
234904367917374607
775189647205568170
708588891861706182
474023314014657468
856058688505146412
402462814169301527
773847506327372354
376522654856834879
996709196596658438
1022374690913542355
1086170651886967100
520301163354945063
115735525751971407
35251163429549649
1061029497444357956
801071163799795853
216420925542135470
909110213289328489
657343593974944707
217279690078983740
148528532119559516
662120429645640723
478681039232842704
1045628359686242944
417674129946931203
277611597304344393
93387389181411017
1131660320897364365
320732926837177144
23549165227538022
601161633909447864
560051136861085217
946762801587825745
1043742905592920781
585997769901136387
25850993395381889
1134616242188464406
797916363473057242
253717100151025902
570842450243888848
815011008923422200
949800725147956793
919423337782911904
275791935009382260
484134937109165834
606350425791832528
62161633475083795
43790386521457535
1117992246127494156
630892384023869484
633466760491222503
220917048099363566
1057065660725246637
583724103230532729
898905019300058566
1087897234267547221
1128345511951519625
836912212177482485
717307966285313270
30831946684118188
307094342094150017
863889866572239456
702995029435347335
769363182871847340
656275487939992940
964092995659374407
800155500844854385
1018804865855287120
408118797209882773
345807245331222329
607349113342901170
720554186286877431
1081365356412902484
557272115941477397
1043995933098901230
972751645346466443
663819162013564877
405244488800439988
303552577712601508
650817517912458141
7602998114228761
450787741932333233
68561487398573244
232391169843977508
274104875441453998
826684586974599714
711488326584532892
958739468935359105
704225239217806581
336006043112458028
515986621015730197
1075694080188862249
750367098766012262
593725386616545908
1052960750395924840
691155204975750506
545363532233589147
944652065136704266
491705058506899895
943459552142412999
861607609681724106
538325814597640054
121531278976835003
711608817174922546
120825239162767173
190369971057812119
700056769848085997
731818356828545892
785339368627871681
891197924763699484
1072689270126399005
144342024449617222
1112753817252848907
203555407400864207
270938966262757721
34973096154536419
630939922616314330
718196783813572350
579136286704990822
83170881528605243
828553737254345756
755711163975394511
642950883230555199
623878841420745668
563565001289012846
495011678945286717
1137225709948066051
826539487063699062
882598274496127115
343144863118323071
225840483691191847
1023728900909436667
516561613484757357
418252651090543958
851761729004365153
408990807503796479
1074593836332274748
569029421783227763
983457086520705693
498217908014584800
266800709858519610
1119990090115560332
570553949592086714
563014450085568570
73432430625648949
725984203135706237
1036692765215109067
1057284879149578969
254563419331375184
943067210771475792
469974100338942529
147004263961629798
295897535234505726
88743116196238311
968844797793812161
543162506867933414
186325621389044498
145145220269606837
1096601463497740603
908826175635808853
1017034967514587592
978187222963644766
295580913372207047
953065748018788640
476714781377287219
526412563781543403
777655105468432728
86487425736712345
857314447426854189
943938837937256452
739096123275883871
1149261415029296510
580884142138974700
299665452887605784
340103670195339095
270558595728690025
867460681444052178
747218352763146898
425898213471774561
1116218744161587485
933483595579345540
87182549725439380
2627547709832912
693160004767611498
553945742818319568
20667597289932063
189673087393428880
33171099598224418
573372938852936965
698697598775755798
1025588071507353352
1001967214398644496
28297200379801029
937938442166646711
767310547165121987
964915432778009066
94298104607061782
32611723682355053
663468285755863013
889196523834019208
467781350083165228
443407667469951777
760761639564415087
715250682992221902
913955766359995098
928673360425512182
26079493578939587
160378209724027900
106800833678618503
695030292943539662
1145609532061987288
1110651717573825151
1066747391557688326
123501687751259789
1119078071122990154
953985502542279802
1109192236321411774
637895186747465274
235198674990629710
36070752601110500
212106502391711886
165701260080497797
914936441832167817
593746762083664154
1050509560835076096
172490790757087500
438149983826339709
173745836981755975
802702180998462251
1090384979997501214
833216922681099699
22179214613984616
150675339142912521
147203158737367904
556290393626729367
745381563141494037
675016194465081304
582961724181441280
141592663755521314
621939068638425820
212853574009001747
1084790044144612157
394033401783213293
88000535170909377
548774802731463519
428797486441066515
453008194593254548
76688007446966250
1033803456085157795
78514281380343538
473826517052160136
682279203734837600
315780418836969466
661599500741758639
316481134364600799
966421112916343091
915051477444907450
1058327567257616199
645267222926738444
1078197419912927205
102579406379249735
603373226839207164
662608796895442075
1014481910089989201
794235699825557173
53531210513417178
848676802060041302
783335765071290559
659345599212895619
291566649945429377
12016567362153801
986179538416378293
408846034424123228
140303958411975584
1055962134165347600
768188473357924198
1088661296292406246
859587568131340580
873595206729421702
38190447160029422
197713968178292634
241340258346276261
239042939489102136
299920460697400201
669124217742006114
908692649703317063
729929905725713080
728091130149649317
171730442555752456
218989407787962464
635302109186243493
787083892161748141
69141436832045217
882403195580351968
715487711080835625
1115305125151419720
345708639606426461
51634782927705023
366418713286334433
1133203325582626864
903131570539951997
110139636966823452
979224658919734725
316410068919253700
567900564331714171
108317685232670215
116003268793059249
578572759960682891
554647549048192429
956324040196508271
1030824829021098941
686754534060681869
432126846667794832
367021013136949357
902256650917625431
1123555830499537509
53845006749100047
693772553613028437
944197048071870412
1067946317447265258
76341132928256611
766625820536194889
481465779800565538
715056986228881723
43734945040802924
943551051106532773
38567793260868962
45762453596487303
991946675168513870
12086680572142998
918452182343671821
562109014094625394
614707798874081917
702109374581234173
691556585921798629
272814151040988282
620808135221319118
844421279413621203
481107671431017956
766410736901674757
607245127350050257
299557424902866638
134429304690675918
660287577293576728
1046768415998162576
1028478008776913484
250942749112885906
272496156572231118
207472345645488625
182267563267445668
167088826797088894
700972975927225488
953170202614588368
447240661318739620
1112424848893504291
510882269010059033
601946290288400584
585388533959595115
431731581616602158
879875596138412952
525755404973711617
142094315207016864
249124059969548733
486405443443036696
999897328337739989
233680356563838837
869194795842606495
821163478937965449
820292754851179700
208568739814826261
396935196043272694
212113016240883829
506586170179991668
430683988797577659
771387303484639646
753782946155179446
1017729669572198641
478476744471823917
999395626208745809
1051412950827192411
329001056757913947
999144505694384393
109822244399917566
385501986605331931
60041451697068896
1075478258207131052
821452599706843392
839561661837272847
765253044933309603
117383969036426450
803842177020439939
315904813039468508
154764611611519381
237427016436451667
493280161010532837
827673629292990604
393629974300748710
356931855051356801
184010034514178738
178512912269487002
1006039590532750858
739056292626653904
378290570283589362
35209435396174301
46809076980578910
594183041450020570
624886102857023020
76412070415922820
264832841292357233
131925312093771391
143003494832776965
290197403628236277
148448449245156029
419260299942025341
823457130557029692
113123028394142223
21157292943410748
1056273358440378222
1022237841792760428
120704304787258505
691717650898137374
1114796965105079455
477630293887937766
320640523899496056
364874508086858926
325909913964106467
337931895049074442
36017306783069484
511187261971068632
476483422664239461
570498869230881020
39757560936670355
673413002504549079
966269041110992340
33916294724928440
503482887908065314
223705699723827447
687847104550792482
1063321210489767889
733299789028623465
1083366873223237050
431118151302565016
934716142387861942
917706548659779442
474686908596118743
16093825032231084
364083372761369854
838934871110647279
657452369856259152
628204741835583073
621078012133008877
76377456222676324
121403497446742868
628500048892123732
1111474269667363637
311682148213035421
109890117321988502
361633323421066639
280952902734092262
254650317445937746
569881318584090148
963256465141758820
13898742363358381
819148084127365341
963550349431785577
554962166821092614
958741453448406740
659342583526409117
597728891608387890
738243586345161702
824632182244447502
750966739677512346
371834845724556559
647826920611801315
189090453472005815
1035676254115752938
6543986228254683
342300654358574235
622613174588974022
160010891755864647
20608131205896769
846406222934737739
730795698061353071
7846279415399160
519081581191931254
128297600774017086
284783155201803042
289699167038607369
723694982986922528
1094427514023632886
584559917846014201
357024414811365293
577454958210944605
129159669548526744
776096427637036259
1086111000612960965
87013419023902785
617183958497045231
512241816546965547
387971269778635466
1014168702075315584
460322251955673887
272112121919678818
784344961958398967
760487710375670787
986327816756736975
1049828466840747157
289678996404703011
729781984683390360
414435097202958915
804540067653249804
324017900787927940
837069402390753889
483781788066882074
271400085949934123
37668942560724129
631433962371456715
822550012064927444
610307679641537138
32326472197770105
884523015809093110
863779460399371515
249893439074732196
1026100379534388341
543846178537780595
252126581337398675
1150462273715754123
597415375331686880
964242875055953808
182312673225088450
504836224109437116
517690073082003216
152812952951901682
270739971890518661
1099975041315338659
1090435243925985992
1042520737217560992
700808325236963352
799268031938095760
552825843397334358
446392675020948530
276600018448312195
159280997294618686
56203410469669654
802235457886774460
205239964661477800
646474431494138872
658154167722432493
834712650327375696
1152030399390295516
191779483757152984
385424458326696257
1115096934925694140
215479418175051534
426745514569036015
925437824821396630
826284447266332191
168843500252595161
183926825996143616
304298798579128937
689692953361255789
130094007838340602
983392353116739448
561987479678728842
75293037752786095
597054330956874696
561991505613037862
357301649364029020
674864694149385904
939676451113108090
1044461994172160463
248173054742862449
1092841621806245964
946036260480711841
1015036395730244971
942526522535755068
864123945267004396
1095385138881168101
589389845048172863
155721921203742396
1006314147302430898
984478340874359012
625602396066570528
565163717238438348
832588581438498131
20393937059571065
1138065250501418590
687300995732961213
697080715835905910
456579528405232477
824009950275136857
1081851214028621723
1054657404430603339
176039025427403248
255211929346096982
730306208951781273
277295908467843470
602056879958938673
688501130198574287
276511425520101069
142211819870873485
905945031032043980
121267086027022912
993754963327771362
1135074636579711575
403402917180338493
948918963381559060
150630280582403518
344405017806806576
768715142588177041
443535097874426071
322202735656577389
1068836253985869124
200264942769796069
664032667594807457
291812620153278450
508534928251015186
817326793241512381
1133581111757995357
710262180597808803
972565112520831831
977359107161221553
61130818185128663
38799723833698506
619463689991331915
516128271869684856
304340093778156854
886804062290518515
53690720090037253
230743138864854948
1081784527200625835
573297689955474845
284024807539533485
987825191743456010
358077234056237186
610033969251456837
18330813626923516
215963216594514964
5072328930413990
697363730606123134
791555080902418826
896940574103300493
956450621009496172
739042077292904504
56193262308062429
766251358315576313
1074132701933457520
264282297013324511
380080143067580649
361318542527566573
218942305754313762
865918333534722486
278659619561907620
841838211967542281
810771077387320952
311800840374775394
233767329672888383
740188986669645931
108711204999306579
1075297091944840577
1063248812991507167
982897232671887039
662356887897741179
975668068419348932
612295835507592796
373121724842862097
809065047071546747
628538638906864247
805879742827792453
161067724821375617
99198931623416453
74059348646875648
763059944998396894
1145445389065094693
228604340723801661
405039512251470685
914261961956508432
114036737178270148
823728020017599804
427318416897451936
311737863475811063
183400273083623936
544409310278644379
794182048650777859
523992196788066335
18964625062543821
1088265450373306621
898674833517508235
174774537894335067
417606857335605845
808900507636813062
219265997255479927
610825795831144049
291973554968760494
1125389022795978878
31019045967266359
624768593838499292
11837736467140049
1382957916256157
678736490576750756
1079422335529513665
209035966375784659
40795266385314934
486914003840729627
492936577976158930
119804326932301402
619837102209873607
810688857125654008
57390354652260437
637641389378373600
1130206974186515427
22257109537989707
627020792318800943
577615366678101150
141548547922326551
101315065713151174
1135576837499137583
575942276862497393
894856084648824597
1032757304220080115
385566298440865570
306635241385795383
947898420534572923
1057879333707282041
1116916781270017463
622994825542836180
79017046808040206
483783251435704312
499236591739868089
970341220937824864
712251780795597202
829121865910482746
1007126250815347606
273281965366896131
7240163550740611
598794880450636055
1080498745862091083
849876352718244056
870651698319617420
31251440364140685
1039876515756713819
886698329360800448
609366297695557411
450877623599376747
202419109740003902
626653941019178176
21079864243743764
257063899843809989
750211495622202442
878279344424693089
986716009384872364
832669881723532694
561325114968138735
529687888247466607
228738577130397710
748927811889456283
144506198947612395
554752012589455601
494548006259820668
1149648472020810343
727261977783769483
1038521207406097887
879368202105517006
311569569337096065
717507391417723310
970022851594297227
1100937307474251441
33458792095414557
226637631266971439
1005447602736794372
386056975409356998
150169456347241644
304472924713456097
358243249159943614
53464604015994791
827534707851667686
273223026819158789
411481131931761406
589463897155487904
509677593903253122
1065922092256272696
5703948665484558
326142404171492828
1062712930063210016
553127401272795110
241300793724005054
691603399016457465
985549992536277909
1029922850103046553
628729889946651086
33036203823044122
621362707202822899
820925574880885883
633553579678724951
621377683547469100
1123423954964594169
569603151506728759
382805439338035667
611291695879097
322131871900387683
135824603455329243
1053286966120549027
121170309538721689
928209762549292519
495742634192383148
514822382044757719
1114890085011359517
758851692709998278
305151956539423253
272488064755818974
105523521433717110
571328695444761064
916014421962375252
496592660317352236
598768974295198910
1085334453371551817
456956449862837170
621688289612220010
1098549826200577522
944737101549328992
933929479626494400
495475507745590817
933646254145700908
312537715244772859
677483146400375335
564597875121542385
1126087493894762707
146919882515902534
656868018157560636
1070061539005802191
645781964882144345
268657486043361939
1084577361364067306
1036321033609221042
713838432855251382
673391658005157667
627820653628865795
313239889080859003
71136569991793210
975849242366276997
729603221541961999
947380172467771855
344987956121894035
775743698037923551
553009406092847138
527429530670504256
443251518490268437
815184971540559870
698078328119748609
1143231030852455731
47526379864502885
525494492597827304
191918720977113730
972586383208384182
356172708236561413
1015453233052914982
522460630975647721
233820573457817862
716786077980368765
262424164415166141
251373333256965873
410415764307567534
947250336526668509
645035268735212556
298566586124807453
65702733096703834
1140291015383404271
191452462711830093
522172589739653895
3632628874040738
1126762620360683373
473821007492976333
177052733453641869
909630016331038655
576672729974942994
449280126678306526
318570272938965902
652543376453652854
394954036460344624
366320273783674089
952152496160677018
899728002949318613
935335682813596068
39903221625908367
755305686449098468
818099574320095783
88029982352910069
257123968899165072
113076571151937088
1092340100316644868
28511024390919344
1117133970353645617
812411502348488079
939471887615914025
702114069382331345
1042912635945463378
799862517961976252
499809493768271931
379575755249138534
604221750333132124
336747804116338246
979588950554079207
589785147458778928
712644850883098531
169967353139810669
1022568801715799236
1005403622093423149
47896444791409929
442586385286106010
653699643848769573
1083172296676574002
1034959513844249811
642277804101381840
1053999095363127726
958406495865459960
452321563020458388
107672666520467563
940084215075936207
433102873135201352
819636678203765801
137650118560599290
836648501651044437
714436952795289967
63285472398608556
413305434526711918
190414997142171731
420503240977300192
683837573972972240
476026831932789882
320783126648655782
285613488027753450
807458165836860665
1126329767247347002
459555836642080440
795957120002109545
1037677271691792436
795353103670381856
418348451391234335
747333351159809832
383975523379642603
369512445172334257
311153503149112745
479997618598661380
1086194246520876076
144566569804019442
623734945599080308
163163048998846080
830329429868501189
1658960203387053
1001369378470834360
736444991937240574
71665603853820754
729145200688522064
268587769574797245
848345037260981404
1021158906444098664
654927397267646452
379165073078806962
506605076869487752
480705527520924780
869184678719584024
287623730352378784
317561357671277993
461803423734282478
1005617876429383855
982888318116243021
911355552430399662
503422842251872920
1039665938678498758
396178205898367570
717191958833619918
271919652894505441
1029569657066468104
248210795665821848
235016225991964146
832778971040608077
919771549074457703
911223764758031682
899214928688186730
257571859481428657
228695386052653003
180687338970403373
490426385928968904
484452357679532060
53371390011105754
983552601095179314
545807022245573609
550433799443191049
947051683742668275
419105394824635717
463885716980442297
1069601641889328981
414510692466782956
562690042931244116
686680011552918427
389984513559703841
625864462953035724
746556354510755698
8028570428874335
681838431279572930
472889702043298086
749037827159837728
152950648321380771
313503531425281236
330450393987961521
513192237081361743
785125709435369320
63774158752326041
273244899850745392
913770597554553658
473352476221802315
402201254182728581
1139834017816363345
72964252705225922
262273760540514901
1074230196939489638
1104510753586151700
441339478165148201
858021782962862706
1060996320035452259
674684308892738450
151987002095991806
542503702036184406
1110358202532719332
439136123710570584
726729715786626583
237270763860304020
747425368044360868
529147304696239960
948960899902393891
113134889329648582
140237275785127874
68739664324026512
534133071295642088
115017699566634353
424858280010127329
299570901872020454
48848780611467388
736369713553285594
1085039331796559338
629865256245967112
952667986185389803
1048911096438060289
917854329008213384
632958221418283970
871665374358493999
939600152799889667
148516911889978391
1066600961976571362
817147083665005403
824202901525120058
128821226048700140
108208247116914019
367276438796311619
252050907576698076
33387310655140986
190198850137165613
297065883068094649
799359063081654139
1110527500485347386
974329124029002022
860482255864418748
684666100337487370
621290312424411617
751776875181313410
726993636468627233
790204522533721128
779338466819866535
1144811193673921369
366420043024684905
843404836354831447
729900244792906217
951731179817030518
722683653263678774
178735248217006904
777550541807826747
425556475356561930
8118579853917516
581547126724814103
753618598679175693
292513400556781574
429616059613706221
540899166019908879
919928413778270388
1143667921399363396
190372764520976743
407824937562221619
814543556862776634
263830527328185314
265813947449349924
813838704649558307
458706434397729552
948662365617300610
1078016714967512733
610090470476388532
1076862543955589957
921435973459461941
775049521953127345
440779671115750615
558144039064369278
955572922259856962
808099085551629074
825227459761094883
782949911213759388
823925905543508902
304502228404308581
69562689996575088
560717961301347716
409716797143629931
238958297435428533
215713427992289247
360508182172273396
640421051931928669
770948718409411649
767441543743172130
201684386970425436
660161682105035246
678653662206858845
297569468474477876
714853795077604668
653486667114266527
367784861627069464
58221767686758614
608916725316011507
24974795564016936
444080229035018009
481809492958647544
991333765359980907
570491095367789520
276503731386879471
190920743890585328
417500998077392613
872612194274277732
969193318290468427
559037428630487491
774546264114760165
482225112924197367
839937905662136098
1113099314820401143
266326922683880440
329870250281936835
958554813161443176
456625781164441656
731460665943161791
908047119411703246
640505205719177207
820245451606517874
397236933118889778
913002536125299094
149529629563531366
967027601927911335
742025063465020612
64739001151129264
528466789794006347
681689381337299865
338650810442055746
917416454371331351
166115827480458926
543605748329449342
857262415165764725
14890703325954727
722502434149354543
41482481743721383
8965933658174023
476169421751366861
479268246246845574
546122915371124780
666100049125222101
107809656187540667
1020730168254880083
487785165622540979
493195139884796256
953970158956465245
93847972611182798
734363790731092922
709441796931256919
214301115548139804
177372028168425214
601352281547481276
372819384742183561
324052884931139999
256305810061709868
961104263895516830
1056930897319710790
364428111760521148
861833126042980469
690119350860737303
784071378663033353
1112413944452453586
602420292305235250
383563874986483356
825660203123356559
37451819543838094
393696626428545029
1117539396875217777
460864429682045025
600553366451988859
511777426901978580
7610034804214596
238154655545529898
509291986961106387
524605892456768330
990894907989014752
340616198344535503
188328189866539756
888412356769311326
371138335922158953
788065245014244429
745315185839198208
71619501378774092
734093875161008865
469427215817211340
208288825302532074
1097416968764248039
769939671270235427
854188112575953273
714571081637970812
129148289715949086
263133207161031362
101279077561013397
477117701245405171
752676607402450577
308944154890588532
890664808049579657
1030186775777008150
470384459399056949
740904505268625693
748724588196458770
994051306347898476
828973332995436702
784938972086550081
889048717485639493
209343322586170878
117600854363261154
985030302689490088
656151461473829369
240013943143205719
178920655052415923
608108668550317344
329881712281454335
1038841903916188943
879129974127765813
671635519688885889
1118844154136907842
1125629401143539888
886410711049336132
888732110405720772
839829507788584074
211853931766475135
517274546013089798
475789975155428456
1077989022805207712
328240526574812424
1094308312952063627
106451913787960348
498825561238437891
607567035466480736
62734575516433090
1134590287858425448
316206146280371512
822407439778122723
78886792658822311
872099357953738069
1044794074276355746
732247179888054197
907443476375313485
330826932658629020
209974317337709998
622900542676173949
1125131376455950329
330225996651261838
853702267096387685
481956825882492833
1067880083936149893
121449840059117350
751656196156379195
300697054070704296
465891197667296238
960162719675661512
362696758212701659
13555667980352462
383636919413666703
217534215612551525
301063899063814408
416674732285342043
331653222619736235
170228101181673311
227096479229984525
986659677711772946
314000042518250192
998876798775223657
749861297663032461
362932074005694043
647091618085644868
239859307097346308
741726198929460422
1102046585138858217
840653274581253276
793375312706597172
1047072186898744943
670272316340623307
237043879510243897
132949062905427258
1133764067944552387
760032536082503132
177329817882134982
864496135283128494
1091836214987782345
824353167692628433
833865000533277179
879177061909982038
128950842749949730
239260456149804344
495327715257171292
357895866899790812
512766311873653495
806151550359283130
292981110480959406
1108626714696333279
540527143862167217
150198559671239282
606864554767798859
1109929185482132193
326860754958402518
250436048454112880
190134578436348370
1150164169374795409
953638439497779540
582018430163538923
1046976589935234792
30362191148186835
716850383005550598
31255299430671578
478174051274301891
550483306560216730
331096643332815359
980509241966536027
356899489346585656
462273991776174954
1043089869689340089
449633164617302258
885146279688962006
760424348544949958
993727444498747560
216188142004212872
123224843131285542
478096246501332724
252235717268490551
699633609984269029
1113463215647208739
299330396377052436
152169627496407731
71964093167688113
883372813749641173
138631576702495186
998894026361496918
119604948578111248
239852438421495917
618055794250163497
29538653326422281
511819451837937768
282827725870243906
593510904077982470
166863249342345197
569185375388972886
183575054872783739
338395592466197662
624445821191508479
46941583836468536
145973941985745938
302105663227004157
511952539656860013
1106989480548005198
973095521362439556
488963088861349328
813473168588265042
194046610688391663
638104951204764115
1009311000334248695
1079803604686620558
531146891828095977
519781098065201546
1132333319415455960
999179426196539126
767365585064318215
371183432700491635
725168166409662261
218694341969109732
396585062028690811
580073103157560362
1050844757736918102
26667924542428282
584287396507075013
400567631103521369
747932476043033754
1067842699009767665
891515647038490917
679136340435109938
670571626391013430
909000030285450257
508581399695855853
117848507630552200
642125416276554131
992199620461074928
284323035011447997
967065328007592979
1077074223196880941
119110539193629032
889628046941303709
624923644348897386
161548832730849784
53726458126339346
246541997945486237
14727835646317036
193455871457558358
275747966129825121
171091025492703252
923669569776576816
716855890872693991
530189789030615152
791749882953239711
329816771194368787
701758588569426107
434638765758811253
564040442866895708
693645303380728185
30563024649151863
759753864364041207
891362136219840449
139893901647392881
554032798805382845
479016670752500674
438484338392159068
166842096644141939
23363003841244973
808719666946202802
392416047352493217
1028933835731545654
97256036715815658
99785286870823558
1115209654023083266
363552524877860713
138478862520467336
682946276239407257
5489668957037670
967576646906138973
668760313939030841
102915921423580057
409263877337794076
92534930533376954
635904759038457875
328045125214128292
214888354752400432
104131181230258258
1020708730802111704
330841400287737024
22364531712982425
98194260170965105
1023916878575373014
1017010949759078549
653991217813352836
630469949731849619
257662247101822812
745918660898207533
720309167271002531
856552875109022793
832242870317779457
57988578070043642
586870545303257984
933205379188604766
968955949700549841
121319155434561284
851987018405233657
260534114784895738
995084068394000058
18698351392062435
938966811927202930
206149197248708886
384906358110173039
515122141024392968
972514662064224611
347180468301289990
365091197798007988
1039926482878854336
596050932843455257
474115511833988581
641011447043998151
481383893283898940
285983212577669722
967022515320114992
573009090108358989
974711930838644152
5117792454394558
1055367491807979614
298474683873770931
127304597659308488
596239031037037625
1068390321624701944
52014779341553413
576636970482181178
959012697924611335
225366395276652654
685133231135467791
524129151664539768
1052625460745639897
370254623323518186
731470119255607774
568342322343166336
943376295753736172
538372197744221368
643418439515202967
246280768150213810
455694747056633479
657037753768154099
146139441087464277
7875523800867427
1116629098506458742
227549354821522469
1127651404714144975
226293186771137943
104093609558176891
221759102107918634
557259290639225581
137401135506643753
400274112541941338
482882297862050017
782410970189038006
173773895746163411
710523038630500408
1088207133273010031
373196064455466005
330312801445722780
773287357105301307
1106419353599364642
1150639381744261875
1003248159836328231
29009484355091234
90740237054417754
439578633648178516
496736230329229639
576125562914832775
579095626662855614
519583787488042600
29757256176734865
546341553417857225
1152578343168754860
578178487398403772
184435192175344024
486506539649607270
640946619339759940
544494888973748096
26154372493822925
353967815746050646
1021725646470491888
320883742015715729
513816069182862373
333921350480223392
904035449484056857
577320243923783868
946415839681603701
890662088969326500
129763543950850214
844941622829540052
240185412368143895
611681940231318331
1034660003242817570
365811414174031178
774177243446765241
718119305075007352
556153358233016397
637493489203893638
726502320002264759
958831027796686597
810126709326141061
48802692831111663
869441568707564619
598115357025728873
276965394102162657
144363814847943838
629120702684874826
308018808786271418
202989165127008207
208184602103529312
845536546279125027
1074760937218243452
602728702404407252
662703357298848522
702121805015650872
162123344432360650
339629716619140939
51834770434208457
355450094971328557
561518577693033471
411369954750486199
926139750517334493
591679101030715220
453351281105012485
199544832596890697
1152379015496414391
829783528622554003
174640881929515030
723491572826488112
580786817990454040
358929210802432744
433926837270053353
82144641047989677
840703199552090592
950730505746692933
435007138014146236
493371381287407707
758144281705774162
1066776946853319853
998258605565868879
840792764530355668
1123951516408583883
156944299425329993
459708698463698993
26627119651447786
42146977090859772
799189213480564819
570237040185765469
520332643309145533
232922460377659802
241414226953715564
389679023691616161
968698640633573639
259033108273289285
396730048268711944
518256461227214830
492053220347701171
1057325445741515635
1125192534014126367
645754274334021871
239084025316791014
1108352293445093913
646542951443865604
665591460322506020
555366027942462694
409844617850828927
352408875499486260
1091170336941344646
848497007027723817
976313936781540976
679791768988060430
470609398452945503
920268399591519006
494465204735483145
233261010408156156
246938450026526880
64151152747242228
179917997042017278
239463172165268515
322382788641333531
247501736228115217
1032457995074508997
288960268595030417
435840861947001610
417047832979930490
736081490891374413
480621488531198107
465823277390366472
891538976005623443
593742138288621217
807861122095037731
692466871019578028
485748917901025059
44715283930037859
398482192060383313
603049143740850575
83392677075277630
341029924340841995
311179528749870
146695467150668106
762962359203050761
207230940218715956
992136560595308862
749805119100793638
197291535089665775
821438267843191188
64799557826494352
12871185006253180
419336039698491036
968389168045675373
25716301362284163
381732391290283009
238810136839700801
754457293075576425
1073615362885966286
610454268220823524
419637533215302242
159507540520822984
928090663891613109
812745951615391534
766531067189339650
1143680961639320016
160341404741607187
1095947239207634081
862994141944014708
768412051877409156
960366747839568654
1141952998947278929
475794256201346175
216814907131207649
309930304091157181
551873116378784923
924642078428870964
265518408818823950
245738253460275101
515083919543208696
986267566937727740
265816661477142597
506070788865769493
160835420845204305
491998443153709924
11428220637623605
231351535611134774
96864738205635829
564489872533547172
257680760972665081
564343627606775448
306978164037812971
54412964282814208
127446931198802220
80913280077353958
440963671422011457
555335659800162556
684971113964253082
500279066431447726
956179804263763395
293727032498193133
920102464543698592
618350702817707348
740340761024144967
419581281425018673
7259013327786373
236662081431585263
885634723404679584
592408689642881388
754430103707480825
741198668338042249
718348200396605344
693601310831850320
650792303741033744
598233580878652610
647069824559540598
202547835624348742
1040466640917971238
56534235726417373
1139129211074305146
954837585916036933
101877069509828005
773669119815017361
38756482876175775
1053014752767112624
53311082119160868
805146337218528080
605021178251447621
715598106261781135
540747323542172330
797729457977812411
286049192942437061
1117040044874603773
609334613123691040
814580656423567274
937682146729086269
406422494197913645
218216117475662490
22007565490944240
608762949338679043
1030737450248077482
264319723227762486
526289149427570298
423509176170938287
60642690827436434
295392714538718172
821554865309350071
971260677969103550
537531721435527611
1058566045202367369
345750182569750490
1065744156441025778
1034042548898107313
484564419468511342
567728294666262937
544948455541485071
816467427623485507
982890422027777653
799424586914700619
719265246653184489
1120115498738779183
903385437873698009
478841056844172938
858512964321618024
431696811735059057
670740854729636629
171105062660995548
24224982890244765
32087906309260409
1079614674783493480
1001132278375080242
1008528973568406332
991139537026572726
197172789440696290
375916389636158712
714505818405060374
947023383174213292
134367269752703775
1120733541713483702
102658279316530972
677340242760088141
551024238464674102
115251046015516241
50010309998854825
905633525649058940
481603435748568224
247191338721528662
73616179043208100
193395764499924135
1067598295263832439
94211228388826612
91332055478546016
509110029529949607
792372865987794972
853639443017749091
64705084012016153
1106682451948657243
751394359532154256
329561198808825062
656812675516398200
928210113577544038
614950771208732102
556727014772630130
326252768056746141
510189309238171472
1089444541887393561
538362609681559832
1086971897820950800
187999378167385319
382543537990271933
687185515762897343
445775141220770859
258713621387377590
829229154869547822
68546629082241942
300493940308857363
1049653886485900050
835251333071270507
468111420271679840
908142140566960778
754418576467450196
79933828289625998
500857371846324729
1062715648752452695
160352860961423724
949891016714000124
996366947710164137
465373113772537443
662797041035502655
764384445482163839
748130873896540851
524419577378683136
509539928069312458
60696444944034266
226118859454420821
1013655248688095881
304541120963207054
1078755820279446524
394512307408806526
67825954117316119
928106707834933562
554857209921293782
227964746109799537
703423139433502749
214000708254766251
72262011548088486
164034649103322144
1147580518109420504
103242667318931990
132262225437598422
254988700671131173
298086337730566321
622723491380644960
19859281314566674
118817756742572650
243527140259969921
1005555309662164223
597877529749359974
284082434295750882
532737782412292241
608442694423240655
565431516501404330
675904968134969038
211442486147295559
617696894333981408
890055202161835239
979315013491916163
104383959697913876
706555713879283871
249916523512190336
177268692487507669
260828377885566822
986973172958508184
130762313908683881
502875828881863878
255246493137540237
352166198458724025
136895666298691824
815852533456759956
557057756207231613
1003803471289022818
455836226743443946
619365240077018334
49440750291577105
870595669296665951
678777375963277565
398737997767003415
41147884678554415
639405079930072942
1137009489752239980
724762345157755266
331515463863029813
1025746934155599869
211900333121923106
1095997258864433190
912359068731990076
1043606263921496075
797418753805825555
301758643814679419
595507138383160840
1074082079210046614
476911041306286210
160107566699780665
647140353378025864
128333978286167584
268291406606027481
525995945703167494
661430542044880946
651053663085629874
617571449981842008
428267109727596292
168327889300901331
1006718041517220371
917985074899802935
188226244234949164
813357164320335968
213455575010196581
676760293975955673
242926057407339673
614620315892914851
937358150192329532
459397229786446666
992180246951136503
112331429088298585
186653172666107918
696068639169495060
193553201629170301
869803174160786109
793162206735496063
580766705628401926
6580834673620906
266624165081495447
784876016067240094
923893758832011427
874927068305353653
345646318543967122
540718039558083626
664878300906041652
1038557190763019956
317650554954135533
375211583359777179
281980268115533105
851062873945175602
1132346235019260700
950836271149518286
417506475766323343
9831214578388732
793105140119530077
78573957942039490
243494023217515963
313364006115992272
3900035771182339
276341444071141459
7021323871422988
388795217817146379
295767074638627020
458073192902531420
733159153744882274
211489228311921046
120546571285219143
365043197164477522
516575466163772347
850555308982080680
654909071484210702
837655136372631419
613455602716952989
158858665521573900
909703103861485266
798177727267016106
821532652810809375
982731603223248028
1088067785923430412
779630319348149872
840238854791215542
944237776630070974
938086697749356579
1146064590316914013
554278647288710947
1004591900031194825
774503815009608479
623003863010393412
1137311683630033078
1007765175323122527
337393101698141544
835010702810918838
160007855105484797
706659677469397244
222512609438975868
161962248230446211
882612041962983912
231003921623188275
1084340874000676588
426980980575104166
25350256448119031
176654386342792613
988160904379640045
656880468665892245
683001646527686189
132470926207042559
782480413020623336
609776904452737570
603463923012364523
1033797176112786471
204114552578369826
21806698516023520
129910061553315072
130692385580622411
1023836001058112685
620939791394249088
956330702526347406
526313499134182789
834071067861134017
225078973073093268
108921438321706437
865995786372260294
482280322725146239
234309753192528097
318952287205684453
488552264912605999
73505782075921818
1140265717948507327
41827791952649984
886728447403355583
593316352910155
1076196862014419495
852192431288145368
299057858416106299
826939017169075258
466171666235684945
778478541375714609
843342978108562442
855915653548639929
693742695169627288
310200785069088818
29706288042746010
367622808909524508
969760270285135340
820117402053669145
1077756693289843714
566061524532145276
940452595919272285
260341482767108702
160664125671831963
934454054840655293
676470466582505450
905132733089452686
646845207268583890
1023548524360014379
1006429986137196950
635134679098205160
910568398540703144
761274328068030264
121013533137310456
806934926657712898
453833239696334457
49334253673862253
986782082211854983
901349622658742185
798339898091605854
180330220364121092
228943241779003512
921687976730698001
965013948184405864
1122049012663234021
607023374653303959
800490181221613794
957501191996864900
443980810706436052
323396036550070612
405684499837986263
288715293374953868
724933086908516044
817988101565403425
150825732831278028
276047817227448975
1092132106337351290
650185462907587271
1150676801100979864
945624867847706841
799856133610137866
833668223795297788
958353082999112038
970133297013419643
129400751434252082
662844110148274373
208139459965327229
507536712662977642
62445045848631711
1009644453181390937
304472231751043940
864897363476477495
358010876409836098
1137717708168669141
1131768689533862095
288610064581455602
592418062201544194
60238393320147956
151980084865642750
920976201111507118
612699963222874747
844472074128750897
996979066797278346
739430144730438629
330677822507176971
473273850302365289
866357458532818601
767234797756341623
542967247569638537
742420116684446949
278861302589216492
631434638929009176
855775210989585750
549606090436026834
540547763781120159
202968707713424689
462062282986883679
1045613245939900638
230741008441398000
829045488207696732
557558176121328381
125295930159279096
24667289427151321
813903483022302546
777152873730804909
122415315375958831
965610646704455816
1028399810704572419
465115544251931243
482406468263567853
612692136913280350
241007942068062801
471574422244250138
113052215878846924
928704398964219966
142801918836105417
697735992037663110
207261661320531317
786355054851800359
943514477544445119
149846351095525585
731816332593090169
614788334083994730
1078118668744828304
321405253876986896
188931946295932281
746664219143176122
120687554896603656
422507619392367469
1087376276258621072
1020370028360108869
24609378801872338
905869237266243861
596693939696753747
25468039813460292
526388968237516775
453442759391300996
491587725117475310
1011117928848039485
723260470296770141
1100732169397265213
12626569994487449
966423655347931881
487267129928443155
1079382637650027118
298364059321877098
906892181858778868
978495565303179042
953243448577262831
683685256810807952
813599899888319951
127987677421628021
654239537514287014
489942698712758279
160230717329852709
1037152238940317470
646867067236160386
565147760191295934
436721959029734360
467857743059998932
802096212193848663
58162618020848154
639289732600799554
1039009824984715968
551326778461354338
102044601298603845
110001255006632411
518355509139122749
1151518138813483612
133271746017783696
398268680220411052
220311394464232402
733832160199324563
900353274891951499
759624654440313110
31389695221832357
1086369164914693078
754573122152163683
211910659759510205
66160369669291878
612728886814999010
291473358226285402
1033727189634475789
130480296215107127
63754140976217301
57315072181423029
574561243369751330
608583179718798781
1121301681313937091
224051665268514158
802051177048153926
127523353671856713
147536324348032857
409930357491185551
1056374798603939741
663901282344254401
337854051312822060
832920771147481100
482354007943962687
89646406915353112
607391543117782756
723328407642737785
935314729153963892
1056427787073872532
861279526684860910
964279499223008939
161052914598154136
1130702427389877367
427989868065922096
692705534436939776
39001303305129294
66293255945287647
917086448335316163
459065162484766599
302031212485205125
313634737779185868
1076366322395749234
1124569580165129765
669536718147758340
191780810640861263
58841325761396535
658834989829845880
462337437606904140
479508911504778349
512864241221859436
964526558423833427
569741517582892449
746671518576836246
228973576206733196
353263488856923300
1043667277722512520
853492808515559734
321401825818916075
1037779314630162845
946390552485343089
854952874256032608
212424179886311145
183812663302266294
904840885454242038
302750799566878654
296641360213690622
224884883254844462
872093324734494962
655386231416284503
1011959596750487091
15231274764882504
809874270570551404
168916663426024550
579024042259541403
998113785433339468
438936091292935287
1004764878026911198
439879976059707724
819784669695173176
985056900832223756
745039377674113167
543912925829441743
52449317127093357
820853694193552857
369842101609667456
904135341349267158
990391071561371816
777878643197692267
1114249013587299285
328352657040822746
365917607569620705
453228357868804449
970083375350426043
1062642126400353959
1102374444321410342
22362013607161081
1016447053631574271
96749374123289076
866509255586933032
148275007373451929
91536234795785528
412965448304348726
275316900171621941
812644313791774334
751683786951642266
489120911642619384
441306574812739263
729021931701000157
166278425535665747
60299853677895586
158904768905065468
412839649152846598
71011321042689808
560012267115833043
990089150930168704
909432056331103844
732696223189118384
420905628301673146
379359590329083652
192748597515572214
495872604737613887
320618628182221105
591636953946432702
247480021517991435
832336848194490809
455427355039158843
209212694150726649
159945844610422711
196246279752279788
762563550822124012
872347789016001000
1108586689818402428
795571424784369319
581783256391020788
418543136247226957
525862736834977541
957717117414929613
575545787339198352
982034503265040068
791740542660932330
200938625038268045
608282760552731408
317700417524452832
176438686796666281
389045921241013594
183581524727088172
614815876303908862
765649691305875086
535163978462925704
923479971889379149
507573018903844862
998273094491454955
204398028733580851
858366029612661869
102466772055852725
572519979407652683
1014668211385809117
473410404291852354
252712654474451986
891470533214676591
978626951182392683
577469062798343897
677217887007910234
743808302731303278
391038810257398244
809951458569835546
740244934800438961
653721057265388579
988070880257056599
440747212701348695
854527107681924606
948587764422972232
745778524373641053
743944514865798318
574411781595870773
785830101885740974
443859703645912169
578094214301498565
736374107030086241
533786087309276943
206133581888032612
1141859795343431923
790616968787522690
793595812909140745
897124567022697764
676030059813710156
736084576924299895
663330896461728342
838320250734110531
18802879852138867
1019297599693141553
562932386360859203
782639179331818077
77042034470236633
290843645213315368
1033844674941912516
285490589918405840
520717770820941982
30222698262784185
1147571776421160892
246176297982329076
749613787570121790
104704870940512458
266848430097665974
1054169936599597262
890099284601561209
1005506007077332173
551728960693980679
620301981400750003
730724417830335955
530796011548282893
1138824765043970290
1124446787711568189
1119322508457884606
135163225511325592
356286906383395918
810612384237687917
252988477503534015
64295877307637266
31288479259298534
571174986233724145
1045563437773422050
1041798349896631328
246021930136841958
393828078481606864
1146582956783195238
715368625427011029
576163231988506845
858898372425627521
99080171645771
825253463817948278
224669208831718770
837037208036757530
671801324707756528
1005075139457936513
1096995963568182331
894092422433848417
802471589517042304
550532801448685324
608155150339738930
1097170951710877678
195884864613214375
100415453644777352
497400143390163697
748028514335887988
655257208219468870
22869662424644987
912407575101984917
988140390495992313
1080197550993946844
293403706624017027
827359859889530382
199346142123258505
542035416225006970
678733719589296854
234618029086026397
168262444903148463
360752914996981914
572078406566500368
950254885578222182
184792477310242541
1050357558565988054
638252111277812021
619663626319870439
111293353432820736
1144675442540951399
74985014693526608
935159497331499448
744784515775318379
583282539725835531
245424469146305619
849732074911476992
555777746848634177
34223914725638725
641044072725924670
275060740672666465
172594712258198760
153103684869957026
300857648426008409
960898570040714006
534231673215664783
117948321008957524
537184447373949254
796847165164109044
756691355446489937
1103455507109234231
921671849254319363
894796574495493199
911671974724386178
1093128032178194014
1020461778899839598
20942470680288252
383137359925415857
740535392265760112
807933033306647944
480090333852030721
742536713538363158
83450685349142560
466739728888572269
216055815162103218
1109839333925023269
176466296775950689
340274404238717565
972955543982029053
1129666455704926694
398003475716171847
157595620967057696
1051129040978237929
1012969672885036117
395007504198840595
446064822116402215
90165177589048443
973783108092376061
448635079751768617
791088024146438931
100503067403508837
423629993750116517
752686611700395160
423332073654576516
909794099253856252
25372037187191540
698789693003389918
1041539583803549120
1151030225313721616
833763974199230372
112749167393196666
681123449153826159
614433557170251117
1011106269763076095
1021985439191619740
738968761918066239
1054044265872418861
363245531388279728
1075368598012500138
992826433405598296
547555651260842001
157152487350906580
1050308626475319670
503252390965622007
561393348338206513
349751578807558938
464807589322050640
991994089247841583
965641695881162435
1014217142400134835
189338621654687650
983677449986498579
484655291638066179
264890829194658128
1047884437620296968
568625151958089961
911377182588746603
1052835487387481268
523984323627605319
757181006627513530
230053247399409514
96840064335873337
1057176696990431222
634365873328001104
901764840693215441
526779085380083428
124601959580845358
395181787417490046
1093816825126002650
459088106449945735
809359924365815686
841564452935991927
898595876195426600
852750668429169787
679750754634566080
614032219463871079
293344769159290550
565755178282549828
277268716509072266
957643822779069981
358289668719478967
148779387534443880
1043881128127943302
747613961724166805
610882742607019948
40997166128458037
766822418415467874
297714552357375480
117937227812455693
613873110978802470
1098985114015068284
262878433078046140
964018854891355643
172088615319172161
165655339487064271
404629434990245631
972004105223718804
527937138239304464
601626227073064979
343952846519021376
100848166056627089
954939821253147876
821432898043778048
1086047058256584486
234134410366595453
863676055623748423
458973127617159522
1106104672028016544
676673917575687105
96211330282654251
711090425784939261
1126227694316641831
792995444782103097
488800867791769420
630467724644544168
512185241424102590
1115016478975447468
811018394905181650
181710134274362640
566447201345722376
1127899584154157276
736896817178058731
999982082670172561
197039336289464189
633862233257014848
522373181454307556
980241896800250470
77995120262365934
831847017968734265
16728175971247187
450819249513168388
343055722475920354
589589152624621921
164641656909014365
1023804030248346382
1105265269367643194
223239452726262394
401149609644909309
525668123364518741
404311479442934248
225553605766884796
633154901388917807
1037239769957973036
954230342958973698
919302521495243283
1122962522004709663
111649647623629693
72151792443874507
254754784939309064
335257829424979941
489949359680454274
601050267166351356
577754267026922349
1150326722517890520
499613500744081029
82143972223073674
836515691266770608
971003332143203590
699087064112978243
1050675036302084968
851860302353923806
688329786325712173
68977143687721945
323892757752716020
155085149050282980
509777425869626779
1123335821154042801
663619081791350928
370873334990173285
475332025574826732
956904494274128498
509610994269095300
583385801990164699
596306725381296968
266580725733246941
1021108662156036508
1112916419624732703
381746825908298418
818637898647882682
539876161623057903
137925021522891292
726584690485317336
1076550764779672136
445367027468946627
232624981194643457
879680539371995708
1021919687309034318
19076598208926653
742478758878588330
120833489767214473
231669801184532429
86847219462854917
162320541946196812
1104947553801726711
38662658435139169
915155744234670272
671353154640025124
305604748061436352
268928832208226212
772033685523982130
457545010559074817
276538437944290925
969450207982253507
422250102263719671
454022120372259496
135106984280643031
106907218597048010
76284566007138976
726311708086122377
70435045912487382
609416439294513325
1101710198954044572
258148651439616342
569608725336459727
930715008710148221
576453536385649091
273226384229965917
210828583516621936
940665433065568260
661534332535215941
504264480612254672
1137010252208089449
912423497189004090
820054980095500456
38324060987322926
208704464795964008
819580058148231530
1011277500899262853
977162741799044823
1085965451603428407
230329104222258388
1033925123630508409
520337776265504216
894181336632443611
1019901822109510320
55214367192516521
138248163293259001
802422291061583917
608038600366989805
930274929201295954
849604113562587498
136156921850068916
157571450662073379
498377047985903346
303413929096178307
945626378651198934
479043400479279721
507332763561004957
1099886498823928688
231896317432708742
763389508343007640
750327608190518221
453952584011405331
835817187288352251
682638734306116078
1028845949723770821
18930781616502829
87762429628913382
397067988529400224
962414902465196380
84259290140327386
917294407449623924
773612770939964787
1003760050977935131
614306276135260358
324409140740081928
966382871675332894
692319185801253358
1068421980677534073
953690265728263366
264858871424595533
212129620308647394
407113945276509245
224760157197706952
434440622079080784
401786828261745716
1089502817764588857
445868883838251570
674453928982257436
1069048106988043398
652836406219879098
817659180588694019
847180777992079211
924210368481275957
801816198000797607
473935125899858809
651034125695269811
312043556737582037
1062767628853381309
67516170289934093
679808085990526095
1051512660894652903
1081777297583855414
268861737302918770
93713386887183547
989722993206063745
978467665065104131
585085481388482654
448506372211708345
267223942773798941
994821624729702694
1110400284545620854
218210809551453250
617869395991927915
1001670330861035765
562653274877678133
209465356198511949
879747270398981153
583199386547530232
959390544303389213
151293368629022775
650359354207778987
941988966614062229
953161459065230983
395055985961667363
955278835976016605
528239128687559132
1124014749853793602
66105641026757417
359129194855965251
688451554639132074
141434343713403889
793669234445101506
778404839452302865
72472414703343559
874602471526293963
454755612897507953
436548075657887161
902851586933230233
45931928262843936
280032131429896992
793364817603229993
276299852561991351
1042228635383824076
9221617924948659
754951523015304580
509049122154472721
719782705066807183
129412091851005706
456703703968757463
1106983521673602365
39419972466792753
702065064192373114
831005979158591326
876400598254324681
462487566373497891
435026492637630911
552220074492597257
453511642837225798
368122411135245528
576044500980208210
678522997238858692
849370380290420708
896498558425942572
279871256998271408
466332453754136273
665499382694959473
164828374843502803
1023655374106752645
741788519769393817
238106762594318974
100312260989764628
190904190769914010
1113731199688496261
1127216631621128292
301068356381069717
732302425744922202
139853658815444238
794929535993445073
27573510462418806
54540487949047973
164103136959178452
319343555916737696
290207071983642523
699927350425227680
253731617676561640
206784853474597437
565749686834131973
794076135337082032
1134949898644571046
819488033427134431
951264703655298434
408857909651595901
59323660646740573
748825787909601313
373265754442239655
375039021172920075
5946110349186527
770302956983488557
789047111090429628
813445927208851195
543855487292176057
317031742356461998
704455434130138870
796695002151607433
418197979094414114
906796345338858262
7162757871004036
278404718978539457
638863173900183776
804855505305775651
564975457253924286
951894732719605527
645424310218864560
631897390027633984
208611929391804834
828190117537736907
883653606801521000
302152093275868145
982615855047546546
367840369084999141
144746400036389622
92169246549481166
784977706087512404
1102738091063101609
711736387432474254
625170651419906063
90080102215207064
102011853881034366
813614500934133350
182174305425819277
1138478457604550870
30914045750921582
775616434883677864
368667311672746304
646209012179999400
838641099184624548
961216452344197596
10948798522475724
206610935672437450
330579921186377390
362278358582949090
548336253686377728
1060782241137692304
874513029511033558
329032614717992199
650686737269680865
653748459933311986
513208717232619344
991908471178821653
553199405084681612
129304786710053008
641426726324763272
195073630995171487
763435137945160650
696504464463975196
642626351249403313
769372616075526573
802251245274668968
554107828256312751
983074551943315791
321331396836352092
354020055563310673
210745813166790934
48214989353280746
571722010954698504
529066476036794192
982844373816318092
281514069238954221
545487833356290144
446631752062055298
1121222322256863089
702913059020077232
260531171275080777
549023335658898911
302360981966558414
480562859458528436
886801244057888465
458421927149554840
170599606636735203
149885877746200789
876933150005498409
42855115633110016
525044728311608695
323999081548253024
806660233115530238
252154735847315172
329671625686284326
417238187662331313
840884094612572517
519554597141454175
1108959459805077280
1076221903979462762
683383774359685261
347574943963034965
1001192093179419972
756902350026539152
465833586923126589
572199351214626620
571541171719379011
705519824981209361
755924743597145175
627507016118734336
1024959953293155206
596113316177653125
596161782398893319
539173768667747436
424927502893540836
702077837189469619
1141736411357217308
503223986056104181
645786369024694395
1054770312297334950
763686880896942212
15889443189009906
928098131959504176
480236369406679132
674291258107284835
357258342979787970
933982777591059094
713921199204483638
1149204093751552376
39701168539611714
800363755583974484
304089034230169902
1093805985714395950
1140872335347280131
678231622626221354
150874086819355620
692024768970102736
396444073564829790
858768571422150693
75790114850713270
231426394578754720
1095698128070038151
144543853580526851
442451476122643176
1044277005287897686
554570883394121142
38472662430306378
267552012155257925
1129691210691716681
764074634802359176
1053411101760530072
1091037867109842054
381887181377682655
675482197247718927
603164756765333629
321917549695357860
1149759033238267291
21573537671249473
116738184148260165
78056900250210070
751815602315761253
106771920684022522
492329889804376979
459412128554699783
1126272841150880124
635180208342426763
516230093608803785
689966683457879996
87530569338074813
159275322320282823
281338350779882084
1057369500463050158
635851700694602410
155897838576059488
406041102118883237
666430749312536844
1070622369943461291
1134223543457115251
1008552980957681227
533982292984844003
777907808244718128
954563821634797254
619104893290354174
808395283362387951
152345491233812865
628418529356372086
200676126197859790
397016889976121318
432956331921988883
363551627651446836
631618313649943088
836897566181799465
983796311908146929
1102813530457087140
319501032817250958
904396209315157670
729481200497047552
899948450096744779
1036430533171711534
1139470496302195570
773907640534920681
436263120548083897
622283536364730407
560713868721986881
607612911119911123
342418187466903919
269503870254850812
47479951532684139
499869890741344873
960916314378278869
88104804167490531
597052102172750272
189246261280641576
347959453466728885
423800878465268366
171597351572163246
936412408746949298
513077254701646745
155552488064963224
919164155961205621
457436259090435934
811519713039200153
605019330444571491
470581545978242721
975187216195627707
1002259962074270628
251028830030548414
1031444995525291347
437815099315795891
156764470430718948
383669294013156064
73495175259793585
458337971875149080
395718500131735544
7318395811613912
1130081527565057774
954173616143811588
430709292884552309
451579297016572406
563145407944313444
283054178533440566
1067383109473185486
465819820577793920
387444053193117251
392248027110638737
170609671824227320
674586377081146623
773157861128485981
537054612066076905
259122718657915953
36920132232526771
529064011762740554
683838517886112942
393431317775436192
145825817163896534
680602467250381465
285130068736359559
771652856708527161
1050010047346336072
372891782536888542
859612495633047582
152187803417136224
574068947522510714
149225179548675154
773807931854321597
1078176462781402242
171858884417584037
162147058138555575
1058796996802292757
127214675557530038
249061194667382112
465231396570259511
652646945157750508
635777855726441399
164692272588553766
748972858962840347
534159998218263728
1003545126396642966
1132805895534615682
566477453625289779
837616960137868169
1124965714524124702
840621781093368504
252269619475676092
50191598184934771
965139126278519276
489167009266551679
847340377347722294
553631358701733485
143723527960444442
220953981966696988
316637968706666604
29476166619474539
525288692251085216
858092660330964783
81526431926160151
749412941552076062
424882956700231774
1002979334615981068
745745256044649058
465877335017401223
426761442310743472
370164541658533608
423100100784159957
764139350894418089
922906584937304084
97628973077388443
763255232043998365
792468161159753432
308273775797693201
714462220522592004
261859113790835739
798038493096691977
917417552277742179
375763579212280994
23635963242660657
694612641505683998
1138686944633474871
1048710353301479735
610798896777660876
746797775266929208
181726252410309870
1052543288311357958
132390531033827
991196665034537419
418956191476406849
766359240235234673
253034961073272984
947218501257767192
456258458291111175
627447787331557165
233183315701057403
876635692390605907
562460608732599245
871097339043938068
142376508906227691
658449438413107117
51925538802302089
259806971897305205
976045183408034658
260183203635157307
638267480997075439
567108008377673667
1085417054703279866
567118770290560356
923434162598056167
909608222227968390
237656121635732147
1005484857620085313
412723519422293154
766134442770125710
856982780963490399
926920669632609164
189295080757561318
466503064218829916
851119016353534340
813973150909944267
452730720067714019
381155346581062983
180465744674664043
1101360450760932703
248292477611620883
930868066488154
777300613469733810
146102192420751693
993001668031287251
897366126765321025
476575405185291075
935753610086270262
850632768328430860
341336373040504500
814240850472506399
214663924121754583
667874029527039434
1118770952700615185
845378942254618588
889799383019208380
724048716181598446
301837959788526988
1065325838236817455
186132932411567615
1075510933422411055
959392204310989643
291184283720624617
745238171241736192
1128290039279093026
848036432069428463
487451256012045084
991501856141272140
1047794799138184734
391754575483631142
669582063324485424
609085548780629063
537388433515326924
911156826128737356
388124848370011323
527490522415109661
487626886625523928
379285787245651508
10088364487515568
984569235970691597
760440996907477933
223987526031792821
346916001812764649
376800491678229055
1105511114612088768
458066020008508080
607914231437593665
430303101291306400
609452381739222939
523200814587994956
850350503013950465
605876085362260912
2407345837784543
445669473402846882
54529791871987588
866570722739894169
659789935988472779
1031038459037588355
135000908596894399
667768552252421718
905227177011762722
778175641642662659
908024421667269775
636112131927392526
20940894697098547
207464358300243564
1097937997446208276
853643236757336512
293353932927029722
808365564300065530
978630543172694494
241624361754487285
767029616810950893
1121426183382693689
342399113712345442
400025820853069213
819986233399887123
973261143355092850
426249568234481916
541271548470351564
615259096427176367
763654933136897471
516897709271151437
238332795427304015
1137093411150331817
658780833596152295
703596830387907190
570615684362829791
457782665196406053
29348135940417564
348951685965156046
376555304165407870
678970107575514519
1004045865123254753
327678396444441998
151414906205931083
1103976928303768669
698493348630471661
913177887318308497
66938940969374337
53002768164879328
620281409655733735
940291430261498254
177695897088992430
882372661925568762
720372746412283779
435563230406840619
230500962115259952
89971729884298973
279304935063942414
139753327974046528
806867893352940392
34279107696212542
1004879960568856458
711657441430606432
691501422434005802
850423723338112559
781640123952815150
673183656482129899
547491414893756584
729341039301593184
1113340064316884867
796776339148613030
63290700562823136
704844579908497292
86900387108952998
564081356018558920
1038655896744677701
40115009598436698
385440656350337869
973569840344877777
1003799311372557684
775653694911617428
712991705722616148
900767047049911621
495353507861126743
1043503140487862019
269128981388338067
56821650859183143
524691152512412764
93291359628645622
190579083511668596
337855991651512542
683069396918081310
88854995669689308
756931575642487436
14612631985507902
1130467693890582246
767683886703090277
645144524764853512
415870279388681367
300190720846775942
62491255885078846
192516305949867448
1006827971158432901
58948819683562144
448749571044582561
184354665792534404
721363351797181195
882041398107800692
598027658932343612
631208803812025020
16008142146221498
1067039731175387337
1007618681572260899
465297841367464474
496490036258353473
296735167816937646
738309914879512975
237770386426846651
126379670606112674
907637237995807807
677381646966201767
579691311260676228
467477541027062025
344299143744494313
152646520909037470
835312849759653818
247339998050746692
753840176738150365
400697653864232233
25964470587149064
686423065671610437
79118309503327232
606664067946906415
666124915440971828
1119898225080066052
433410960686590361
816699712746502109
88794934600217061
807734705089126276
683002045298474877
924604479930078913
708346698766214653
412440157507776309
341052116998484379
101776161173758792
89448777447433028
2859010822370892
398642450451796920
257272902202673309
128335377300846687
655131608243678611
377813301147812484
750908543613713245
354892568305656269
32162065247964686
1020274233890119010
27446574355080030
425813273423648882
797330277191799337
97443012374991008
587375156976272877
741462407777405211
274957244327791249
765986709138487147
494535892518261242
1048614752350738956
198700322701003124
621834529978195153
793711992852445016
316787401861460841
138735326936019937
485104906479473561
557384420637318223
935428202616839493
383851596968432330
363043926191163897
971948782257996418
277082213194212622
71901672468427957
1124233164787623449
301615364041015087
182725120795381834
982073972865124983
997104134968130539
31466157872577174
222301928622626412
177258088142329951
80940841601520122
354535859181538085
97423138816293281
432887789557919324
253247963920243482
934450433537807949
702661671100823194
1052666508100391950
726385146231356030
333547443126918453
565891745726717499
999672514418691823
803684631775206790
1078679219134238353
692454201582367049
571807005285447693
1105963639245496352
196071996327073887
272387946039198953
173769113902083194
286034062187431996
341272982724784038
908064059869469311
481450131113170589
502874610153917165
519086004819027300
446829763701720572
421559181600395037
307415532264051955
482948426454040371
211256668840582832
558995696626208167
920659193105636687
669178202702803771
19329497405297543
884371318066304276
764398297514585616
449918077773531828
109059128986255454
494405429856868063
72623046299732517
577255575430838319
1152906075569232695
1085672369169265940
390921558391654325
571338819219934186
144232128808812656
823859565936639046
1016614483893132069
620196018277367207
700254141040175075
552755368706915360
524778878420915960
824671682211077544
720117323864571891
313547448914792853
368034361960656453
1123221549993677157
137404928885858559
795387465200359609
32054045119573042
314004599152945419
562415459001462135
715812575196621045
52823086850521122
489897842229714082
909923080871219497
133627122596108391
709986533099013461
917946896885519398
996061156105632460
542359046630543466
25137622026486713
766556536193847094
990406455637710953
8916315849449631
1007573216027615196
645306449458819287
24204732344678663
1078604496195922269
50879532008782194
78170020018204296
582352960602168651
466913240487578920
227732824007539675
654112730008554504
680403369501946261
812482837373866387
73579811716661134
689438292064254885
1074400227201663654
792416726634571216
1034498356606241899
1049784101042026472
1045865947325313087
921838089481910028
12326235972061076
732119533447427579
247314976090041078
171856397134434919
948991012363858995
443355945455146704
793520457370356107
958964992505755495
239022237061309009
741968876712994449
349550246426779883
591741142678480612
386432850027454886
795778944828414096
930837256381017616
121639946296484560
453231267781894545
199074833658346494
777571087038578767
52418087761852817
884699717853862971
376294749280291117
370114933064298136
20112432870655897
586585051875896141
1104756336093946788
913317906510183290
322965499253097400
1090922622778784867
783353342302235671
738908137123430454
944820950046719268
510149915463606772
868675699028401356
1033512127305652631
199217190768916471
322650680039838736
595038098975569878
374321602594078722
585819475641612514
61871422903675870
99252646894607769
906535976148561242
525745622528324570
634811343930411895
1142956264252306980
1111064143145190034
1059391167224540183
6841562126876157
773965540804942277
340638460918971782
423114885353514820
952697778038928123
481311078724048599
613448849363210180
222578359639444185
569614433620821268
583040037606838304
807391092651118533
539226897625861646
781455558770199382
704208604505723177
68271989432609891
689727531270796916
460320277060677594
528494893522954184
1098509150760756500
872653062944066858
1060748464258376560
1017320632016622333
912819861843470123
918632154279585342
291838515773388710
1075431819360238449
657672880198964393
41749086860775485
643934154014855816
305234254609506731
167161461311767066
166903136143097703
61107848576929239
151398030489646875
114154417403679162
788644699749971128
13171332221982649
265164211977598405
445051001099277621
849395006210501736
774272422748009897
71317120248809189
955230685471650209
957111671315537343
567522808488601164
992366067737436430
713655083713741260
246739088138956261
648349810463848800
397452585135353758
378216987801015411
615789050189026633
15186054762294832
871891511203514658
401581153982349317
346143932947997231
113246502773153193
51850338098679123
324755946493305006
736631360780093967
1127198277849178004
1070268544886350298
278649050001622503
791767758935039247
334427444817041573
889704494802703000
939067045017658281
1067309583927164022
945422999247781039
520055258027970436
447909318891392672
602302068848574689
572403231498486405
541397075091866278
43973232492294984
274661382907718948
657208153838206090
118995412428085989
801565067089545642
321740487025172402
708948146980861741
1126516559336902245
1055552107908820358
536245407121716104
967991504012787459
729802613565620064
179749309800534370
867868826236180955
302651825426145635
106224491819385339
870200255585649600
978163365542297021
350228682619125935
17966951437531004
510755560470765901
644412409514021665
694032077573658703
357039150830537642
1104317279352371367
248744244610078420
784533372407918521
204196299660677216
140562132935721606
520203770324695640
532518737276023231
737496918643055812
1111660555106060264
606924350632307063
28893559423681934
821369776163190882
48563996038382390
612594405673318000
394660336703485852
282616965965964593
670030793416532499
1086985559317485677
1115162557075497193
303306693360780286
23182082895599819
238117679979576557
292012785255532350
540983461907858742
1085144945962086639
410679606538332266
834855612222167586
722865766494848663
1095972760554786421
35979834767080619
351333742653014530
883469878001239888
638093168033736572
427700651125611274
395555647818056034
1076655450262045523
242880311973828882
749934127034849208
681335143872182483
59654867812183572
175271023790169826
594402544475724065
120490902173491698
370809993770217107
108185191580656285
636576933887385014
30291959150161797
663194049448990755
60401449081993627
492099497864636178
302513257202843242
539824188020212392
1120749911946849956
486218570446560573
1089117548977429305
4621415019835453
900722522572587262
848662080406915831
24164567425962854
892373502628518059
653258950213848854
1067207552677633974
305119859178823523
861123943420654581
718124619872681181
203358901929738339
73183161021303391
640669854900504773
213685893160566469
273685083608479937
278009695547812744
1120277762312373798
1028303626068661914
280336165436679186
990641389611400604
130192799845690369
1026264063053186075
351067953381318595
387304729871270841
216514843597371414
25001599560356002
358798613416312290
465016507969424157
292515785332194034
51215534952673266
556274315104622349
4407821968479586
215804077586529320
47307870742100573
95320673687188664
459215568514652145
591542275853464385
195430022931979706
1045145545705942920
1086365952060578203
77439499563704457
381314846904297403
473737347408027695
1128836427329953932
66704939952849013
519898174388865030
905236208717136380
621475031603124950
373226886481333708
792785593428502432
633269550049292333
926828077755248926
340579995216859728
780788392499254016
502990523062775412
565251895052879645
23465838956985325
537270099261811028
963973233855842639
166815463594777481
723628335049514783
162826796917499377
794364605163943957
125247033260724909
88685268991609914
781621728196045249
1046091221231486568
644797798555976353
941045888864987624
405840523544040236
356389864234825549
541077708990919909
158864236689739888
888867903573697161
856699246353706082
648254005807224758
849536140724228747
507824195270060233
117283486387546666
818117875406867313
116136883825349742
906580325442021318
852895292075492589
1079712050998734913
193251970783834445
810766631736579381
846145359304137430
1123070247140012543
23081123303014560
259075789366850407
501414952200274198
484064688438310714
1026092587690098827
140728830559170881
662034314651924442
1079209521501379365
73062960530873864
127697465399023076
1070432043406089495
472974692811929451
397906553600861427
839405913437193170
220227477402729604
8337801464848028
187260309973931127
92688482010059842
925053896286037766
924188884925860663
710468363138801777
730556342106977098
722359572548691618
75817953999622045
118641611414793107
732932040164316120
147735432169085249
862822309846653048
949169637157434207
674639646438907360
992609353377175469
982591355687009772
482847743893958488
177829031084838214
901494567277929444
493392642787659519
240969336895716465
637465905760051862
299698884752705391
131173644411617960
1099249901060832120
511501616684854247
871816776201405349
651400381225750040
40358433933865389
2992480378010615
911858086942462618
936413951327505524
1135109078201529155
867675239097445801
928978709921167396
393034025779543078
707533538836567966
466049428020046335
912330098087063298
530680480048798071
549310461667099351
111768601340114346
792473845455182403
696229568660131938
26914969166553549
281678571113309220
506614269347225725
557197619605415017
1082905128678950021
567614807116179449
1121267857968921305
423453305066940320
353932757862686741
920049784522359969
899553813936708545
859965315199412520
556971033898122876
173420745605674244
774288412891225046
1130963544845888687
327912290023510916
971971716111187909
463619554166399857
980368597302016680
39632435989716856
729557154126955911
603397384254089537
1126458326594530011
1012739411380238937
301870614133173406
1125116563587857155
1072860627899865380
870378406125979643
382848851562783401
328628173307644181
1138143907436190570
476359684672359576
1106076899096906597
9776181460484418
892245271869494334
627047921234725128
913637323359257472
73637519313393637
1095446132224217178
99193345840464498
867215814262426535
773327849543810412
835160898559403114
625103723417236913
682014237722750377
1117419598205845703
132580109537143245
422254236184513485
820074375610381011
322666839419767374
363398394068768893
1064279962016941590
193791283781232738
925761555809072873
904767442205638120
134831014424383639
146440311734983035
685268718747015987
1150919209957121893
510245572503937865
345314324060648987
146341962254537201
124853580001889764
284678607150622456
1140653958904665051
189974897291564085
897534338770552123
233757372489785434
921237199740865597
610097745993030954
1086137757274603424
369605806231579629
1084895700037264926
839197367625992657
402661297478370367
48074235932026862
427052216579215893
1118348649346580555
121137579122046295
150583204769851497
403534961086419640
741863540098894038
941877689278379433
856524417439993110
660014498187860118
819480509434927880
375864831612253720
220441742586388955
204077251346829375
708912709003385627
1054068127932218547
786206197747198381
663716223787956931
1026660964029905858
957643147894221538
321186179256801168
486362103354799732
309561549538318428
450849172817637785
356107861807573581
742502200973283453
698008445453950727
739113830963488086
474783059491980117
243707697132994962
887957873343486272
55832223570961544
433094795407366026
139977131236912172
635803128988028643
578959999170509798
307603033300669522
260228404138064020
370556829563971130
893834486727969990
346892105478472004
49199910008045477
304533205088244998
250011755362518716
58016829180388481
631331504741504118
654383567722762711
732817285045607346
938491782198932255
508205611487233086
294534740150117027
848141058586404174
1115001855267562861
370790679287177401
606824202519906891
710163217197563399
1007638967358323161
225141208331359912
416979744275344662
1063942819632960575
1129471959071834889
58419761525155115
399710322976562720
205617569464875306
1010710643414098103
89655187614375287
473126453866091429
335839663013703264
54768836935140552
1082382619465408639
907023971193623489
366569021973217713
436470511546919777
755703871524146621
236568228428200196
791291895537017490
342591052554864857
472591271524101126
819560433333434855
741015186089227387
770960548009481431
999262676646679585
387254309302213695
373699155288622196
320815473769261466
899882131169706781
974049992504054209
947578865313710860
49001738714631087
174841675724134829
41788796914147013
395205376039190708
311437723364603583
1145043619545964749
158130598399990472
200457838637986421
189744666117240411
661839775828774168
446648105672380995
280865571059301250
1137467802432349103
332493238304732434
468389951576671887
656582017006200769
678772988831529280
990673443142145867
61526237122073111
703484388775508337
432049788874703817
622056471241655277
1149858538818516346
498695530846255966
223895033005591079
751451297039813980
926053461827929211
430322265101789757
155321518814227423
124284897291878562
142709679743391819
80536288569328184
398717366563078863
976290160653758754
273381057762513932
794420923350423258
915494487430723970
289211382470073292
809934463572745740
306261832086988564
829845732731416551
555928444730502502
899457305653161775
723509662855495177
528587712247753864
662488861096634048
15899404702053
400376645916981315
1123106020370290746
506156722997565925
1006276474993855506
1109356381383403447
869123558344611279
767033998133891875
866827878116522328
487357488109833672
106285441131076922
1045740866507266563
731757225073906999
386198587953394113
367749973904704059
984354865431918576
440172187733792281
394313992307623734
354486906468550273
119557601922421416
195854558374421623
638151395875184478
97431159025859162
268178928468576515
1014637388410112787
818951824586137535
1126860829889704767
802233501055989240
1051541028402236979
775810218976421826
416581124823908735
516374860269404200
661234951240388534
755043621142849595
859127315997383570
259678951662374907
847541525071285139
214966092927665267
950369342790300225
720503354475184215
52119274693500065
351776457942789949
954660644497382427
610745058760218421
742691766341769180
869644913076657944
1018967927723585030
29366095961995577
887344544711620670
442242756934826140
621790975816432431
1017280468603749799
288109535863519977
1005094983680182668
768593136373676711
566484068356755954
600782267360837235
725533309960902752
129986019125959463
980787408562932632
155868351325092037
629182518597925777
26819554629022267
1008426568299610302
1084488954557755972
908341210964174407
932915225780349886
1055501653560815731
225454068106431556
782852113210520690
694243728544182688
344970080468465370
334786289439529551
752785655791944126
273748453447673314
104291516990090993
239281400952610114
733271241564879309
602987446819148809
602280675375618853
901414828394226397
60022782892887921
188001839424599437
584145827566930654
824012160008828519
568319261245674443
682332258791513493
393895293678519232
886604517561651457
802431521570915729
744097461654877979
864223552434410447
673855001063216167
283684296958569685
670928762935506525
982884044647109611
1136961397302499977
228628517129965999
744211584847667183
925600718829633553
851318326215931242
329563357461974341
929817390658851840
42452329399368487
662187510441906491
46367291412569994
545369263514350073
88252565271590917
367036030841471639
467466830689768791
491526540195862867
386908648069744641
756798978572962304
1021745035637061127
904912214800855855
233385873745507891
869175892385324142
692477673498981721
1013929865112853645
828051695421587230
612906355515457256
468750660013348085
698381413815982365
964587578318253015
1096864236672040336
476038988415296490
951099578602751495
449085505072669308
762751466284424088
617000335299626940
1033078826559782559
843849360674273872
63428941387139326
402075713200051896
1097413350440006468
615193651244488129
331604675810772341
1097757600020063989
989490332251067653
507638921054552749
712922458367402562
707722108672598978
916118669392038595
150127209345281401
148715962644046904
828681632617555240
641954508724041358
499345431547363211
546158641959355940
269411910263983816
548378486093347566
467038432889365749
180358544631288
765964332320506350
574552723841919006
869658223596216247
369768376354837483
522606758825405679
35885767472963990
282190374966166123
1069152934610537846
688336988024983212
47534355159011662
248523984608596068
163036636143457307
460904088215892723
584209746397595086
1062651592952244489
1033551380900033211
1032398899141675924
248355743545040837
217501531123461191
327888980893707679
430513902183128230
232176997017011588
491417896403032811
986558000665554826
1106275219066121080
826595633621596551
404601626776156191
192331522968451842
1128692440249899918
170713719106325716
852658938581516196
298536504782404789
288048724278030071
575191214353862648
272153852169684820
969632688628858188
359614609070518735
397575369853860507
819818534370848567
547871754768128786
1049000618428222159
221594157026067226
469759604512996994
626305744021201712
730861218753088381
1113722752286485449
611983081867393453
386318005286351881
628301672502867410
419819032243576413
861433065040448324
1039631430248671168
87995600064586175
233178750261683147
793055954269099577
1054182945862646615
46689031158187538
1095185492909863181
861303076956839853
118112069975245418
792949499858902585
1034465886101818950
286558855433415019
647229753215795948
388729286152964546
828655370064763938
233078560873165164
1118491643373638184
519819943219475796
420391795152924602
677211581441378164
329726645436121654
533442048223647515
78642870438539116
692616713864994839
684501507701400085
22174534568400443
762719177080690993
249707525415271784
432450837980317053
1041292456654629399
636807971674703627
564804154697601094
639720703993932612
720700901396976828
607748584798605068
1088782142402284052
1026362294748100011
84014069946454744
683203885236196310
1136274629629811028
749558873444421526
717394141021865015
426247078322034473
529660559019129098
154536606389599963
166320232727499762
533235925628158435
1131261759582410450
328432298191879687
789097943490403297
741301815319666983
1017319590113658729
836925257635579356
812468175536458676
774312477374670151
690176338743001791
383154644240245681
1113541963375159175
399648629089420937
685709349580079733
870624779804079645
1080507388464053974
549066994453781671
306419596769649002
630475169749412782
966026511797884452
688561557225086697
770917965781027348
28722529294242464
26467949288672044
524596016658194409
377856117990288002
872431146190397743
537839055672627927
642607836836149392
895992572294957066
333930158726508063
630632188651383667
807623726477028907
522613639403192265
76998916388366926
1080425120726715797
466997641581006102
263398547941971012
41926730177183638
17533101834520241
819897267853296273
23339701959545326
111008715662363948
661541893153862949
761446449449697376
594659989746710019
430035803255986800
489505867837375806
952880832433065955
853049374658388893
888308592713961243
1039510419431903468
317823810461874998
285959542844013229
1028554965556743354
543712242348997198
737964088149776848
766554870357826790
464237738220624455
611651397463650591
380216425429088415
836522397413430418
370835218844382557
334690838052867875
1132948909797103515
193415629444592489
204497068444941699
415828345277067292
666523830756146584
813561757530711228
822801565166500342
930090681756828959
722717255431255537
109574069412050046
432534579218379872
575755826677771421
320910819475497287
174141684014794207
18643632226555561
718078725813785949
1054068109810765831
893694298174401609
704683991325122004
354840532968510278
960864486741957837
100305203507850226
504934427684675022
200672065199465861
976119257301291809
183552181464475128
28131066160504228
980097005485899043
154284953151336673
841474214692937656
613592758596679310
219282392987025658
522144087555776813
603762308765462293
419471564948644729
258086851773050285
449538854996557805
232522527807379793
360581394671601315
466920246879209228
673496280673016814
442396734607302465
800919219787451836
815886508618182069
811428013826275243
369026478447650529
239473002585006891
728118766208036218
676518055576909226
920415207614541765
79105624581453022
947047930819782931
714093912057584217
586655036270968566
999029764528607181
217212421096978230
1000059419315180135
734564223547057835
607708119313075262
751129137801431463
696812019575073028
70297367699789638
405220453796777469
559150500092498719
717778814232233933
133648568011884922
419732773429158270
335410415659321738
129646100549697351
647090286741685951
354504790017730473
510084730984240007
703418793376790982
373519175458423820
417882645218581170
359485235887793127
960432049247099799
451187915294432682
910578558421938280
303028709869904919
323669140498187849
101815404016110297
1057944872808387369
582959108503937561
550372494547110389
217055172253533210
754595181399778372
453131030902412843
556492522107877089
876699337449155566
630522707156532559
824204778854676068
388413860820389686
226986960256728604
27829909716838590
776370003272400667
397291765009323107
472137216614433831
86032676046567787
1079366538804241671
297225902594868167
990869883582997407
1115919548515458254
824476545921707615
224821171441068208
554819788361395661
544258017842474917
370550972658217156
14606939505638470
201842557829021324
773042023226268742
1112658151356055103
308414249944415970
930667818249556773
755073157793355280
180732318803047430
356435602697486434
411688182864342358
894700628574886127
340134639593951199
836465741797620107
138679512506935792
408551696601090056
993471630329515414
123388459509194262
349783064694516145
109579625386820765
576587709822506620
828134847444205294
155448822485463300
301791054484894497
450887794498467657
52741108711841766
201785007138311044
600414560260391103
1027423847931340652
746476421143266002
930090908284940042
891735061220063171
1013626916641144248
365981824903925220
1090220596602385568
343070172978449775
1064445392066849761
712009502542746206
218117877982385650
524871925738023201
1036860977973050652
443680165266692279
836021053697790447
363464052616429907
635837884616738410
534871769164453376
955138941584489837
