20 5000
320470
468728
18355
6294
637891
628420
701271
347792
1036297
906917
734774
153584
226636
9416
519020
137186
68138
926185
566846
722819
621584
211416
974451
587561
655490
352767
502691
704698
867552
778290
785298
464573
65107
409797
87988
298550
38453
35452
195791
610599
1041708
1019403
457319
358611
18857
446419
246945
203004
599844
266049
752270
373413
387680
179107
829989
387838
226873
734226
202472
353435
89221
164691
885261
314436
468381
578376
665003
857779
578085
194177
78827
75169
708309
300771
643610
575734
134996
677587
874897
511652
559054
15298
746551
834906
877331
894555
972735
890710
651841
373719
965681
588025
50305
170806
175167
778170
417892
798505
683360
917651
782122
868603
511876
833001
767879
924972
454177
757339
1039167
844418
439237
393920
1008754
51288
85822
636738
615664
223713
314242
92330
795917
647301
159158
43436
62762
572632
764688
577251
288842
164766
635909
787061
196829
319074
842739
351715
127107
421419
433833
115279
368244
378928
459809
73937
41147
95845
928678
814670
118768
803163
322733
1024188
875256
393278
26551
171333
387514
505016
133346
620142
747353
440868
23302
915091
569549
894376
681668
388813
548668
662066
166989
1032869
475834
178652
134790
353876
775476
231728
907807
290143
318095
101644
186316
1026121
760222
249605
523801
338644
821071
227628
860017
783159
621810
119167
985935
561295
102813
873387
760178
58435
999735
549390
215582
704225
250321
731732
15127
337934
110810
555504
357905
1015617
45553
512739
881372
148006
845752
317415
713706
299139
81050
584892
276250
347724
145312
868680
594568
527066
365425
654466
50767
642923
1001476
255131
23334
365303
473525
850301
295566
182306
75490
643300
1007633
945476
395335
820735
148441
954266
681697
1025121
179348
883398
422898
760791
746690
931452
697528
403632
841314
837450
51423
25034
607989
685803
536502
336477
503989
718122
71236
543179
626868
934997
691916
870731
29771
394686
823670
947177
562504
624993
966547
533009
114461
325117
337924
209169
184987
565399
157536
237608
1048291
373476
1021140
416346
741127
569931
376264
199296
843102
465756
627899
887176
724819
266878
775122
946359
572341
798945
159667
796944
334004
546711
798863
45995
902339
918703
183096
946256
744724
1042756
565755
847520
631038
746674
455889
545483
272421
143503
685143
414593
14308
127804
588048
84070
7311
400703
857171
100010
637617
332845
832014
178287
563134
43689
394583
44795
412034
933695
599894
970371
409239
209182
637846
647756
329219
273542
622344
833891
326573
915903
678473
744913
186833
974389
461117
72666
735699
570415
296092
176586
577510
790283
71169
604228
563861
1047188
460113
289385
326625
729924
1021373
788734
493042
668799
771967
135040
547354
1018800
379068
654409
122773
233774
875666
903595
277023
678361
1041955
92293
759787
294051
698841
656880
951521
36877
991030
298968
128483
693683
168017
33168
587761
629720
144717
788052
41563
922570
759621
521845
71308
838295
88209
260293
934710
1011151
801
708607
363264
360498
330134
220452
595673
183203
328985
581267
443256
179407
274435
137621
422661
608820
1022340
68440
383979
62980
68535
1007957
219960
865333
510115
16443
384648
343410
643562
939787
93381
173940
844042
178418
128071
596116
26916
666286
227171
519324
970725
46969
334946
201993
435007
592936
95316
243526
849105
989174
571990
659353
988032
523546
885513
1040162
786120
169219
843030
329291
470994
50956
1000177
143270
802228
772109
377542
678442
83511
738931
259540
345653
165289
1717
1007365
545147
1017506
193846
1029978
949004
266032
496457
790931
818308
357772
1015114
359161
775253
451244
994036
316785
243770
454850
102129
488884
307652
48459
589137
444555
748717
624640
189667
489626
94460
656713
501871
595167
716190
470368
773105
869228
81365
117633
270288
816768
831488
1031333
608961
245776
373912
952152
814065
149532
1024509
866761
385509
507414
28810
678838
321486
929523
673372
777996
420560
313524
1006683
924610
204239
784474
775024
687607
508536
62757
285357
593405
698868
490004
256104
80586
695354
361794
902955
252039
947891
974351
10580
54788
1011174
860837
158304
434278
832339
731668
140742
198798
846353
907300
845640
169139
1015613
422337
764011
191797
212923
701428
404845
184392
153485
92546
211146
481065
798636
176131
629412
372464
7483
22811
390720
349799
532795
547738
478426
688924
894061
131944
190823
278063
70576
347259
695964
316594
291350
222960
960425
290646
62239
253047
672284
540249
1009481
356208
704277
248300
1042556
1039388
712309
976402
413569
830869
645380
236498
546170
106711
224705
888850
826638
205419
602389
238149
669934
375751
1802
369963
164280
952638
582268
1013122
751031
1040097
842460
866469
98730
625660
553510
407723
680793
793115
227640
701101
797935
74411
807915
904734
72152
356139
455750
848279
236598
770884
317791
18649
475625
578367
825136
826334
285226
762949
704265
1031232
955209
692863
694377
378673
336542
865835
741093
581978
529781
906549
253635
973307
192219
527951
1013611
642395
22478
993874
324722
983146
828565
265075
688076
741018
75440
508037
402308
864441
507034
319026
179380
172515
920121
977922
799761
484788
488
715174
542391
1045472
1039275
1036870
776553
518667
649478
99856
461621
994759
745991
419079
899661
842991
1036197
27818
263838
1042422
79498
1014493
582042
745136
467161
768345
700780
499455
623452
704973
893126
664011
182539
744330
623363
990996
873308
78862
179914
515476
116188
444057
291480
26421
874172
63085
280564
951458
540608
664436
690915
548740
76266
380808
981634
546201
782942
5646
521410
410596
337999
875170
184948
344188
411980
324185
307057
929073
134047
240748
108658
741591
959853
427944
327317
289923
791246
627496
922296
903445
904295
13379
906977
439996
910828
481009
496529
948008
140539
331419
125001
595908
28905
904759
995816
168478
1045610
128269
373716
338093
519245
701730
453815
847562
356847
269045
791398
872694
438285
40867
620646
768535
37194
417501
865906
410102
949539
245034
766183
941934
924410
869234
286126
270962
568820
630644
616131
700031
61571
68302
599326
154373
396130
454188
1029565
516138
463090
447363
773930
117499
102942
589489
737591
815222
648570
212910
629506
700645
398780
1016580
556131
859064
434500
358671
686799
829323
198295
35216
868746
332787
732350
259480
392188
832913
381758
583417
852335
516725
883954
69277
883622
535377
1041790
462710
642977
294788
932320
554361
962367
887152
382699
143520
94168
661704
11673
909308
428251
115335
934541
875088
808764
184845
441960
1013291
586725
738384
926092
404045
548610
720657
943250
502868
182838
409521
450869
339945
407556
396647
1031989
281739
873417
930471
476863
349410
296778
711144
887970
833922
642681
59547
990203
1043916
224095
805786
93067
761207
981668
573621
564544
244356
655483
656537
217399
191306
707659
533899
549652
243339
1046287
352479
518144
756103
740284
551289
686004
548650
657481
1040877
43980
283723
444790
156698
136706
175079
1025307
419214
313575
866357
495967
711568
456459
34812
691226
482336
77873
125515
767986
689066
615359
800185
19133
668693
77094
126419
286217
220995
913264
86607
353903
947930
77541
360905
626879
656372
5125
320811
987514
78493
122865
185126
167436
978538
406719
835039
976712
35669
998454
292687
503462
639801
162000
396946
125972
838047
263733
215097
480733
566944
652620
246137
789121
169057
718754
779223
498398
917113
1007590
203391
428694
909033
635969
675324
141221
118532
276507
771765
468655
692332
209723
829819
180868
624493
74058
497244
1001833
380465
354825
100279
946656
144206
416242
960853
273437
655746
787668
508158
905263
10530
566981
863428
211095
448610
320389
790040
814000
617616
1047692
980836
4753
792534
73627
681264
832462
436133
134232
431320
915034
537743
743310
505839
152881
62614
545625
867122
863262
892710
860200
319936
905723
335589
795718
184365
793343
574148
418883
629076
511152
1042450
123636
395511
518718
182214
467064
492759
566252
622542
319555
728727
185074
1007024
407826
694093
304325
116587
310433
490813
936802
306627
821625
969031
123513
685987
496889
523351
228342
311671
756894
715689
382987
997925
924098
853248
224228
430475
82159
647427
1038875
854897
922380
525727
788804
589726
1002858
523529
925701
1001666
839172
233123
519402
479360
966717
569534
57195
983374
700025
129762
564573
606654
244893
418962
318337
942235
499501
1003665
423560
832545
692103
222532
295948
709454
687212
801217
897577
845660
587654
480633
762664
941847
465522
50855
592113
205982
776535
773046
966549
154935
543425
88387
416017
438113
286164
559204
868505
210704
525538
659106
175833
92013
374423
948264
676150
541006
344591
256677
445052
218671
21411
497811
874400
410984
391851
583951
575071
572905
313173
307150
617569
653730
1059
823646
992902
38320
146304
729717
567750
504263
812277
984111
775217
543254
89940
435912
783660
466065
204920
149040
686287
393693
692613
894954
220644
135023
827937
732759
244605
174218
441774
825726
790583
74301
717648
333454
493267
1020056
537347
196913
859345
500673
842819
101907
598616
257592
673871
60726
142894
529122
163985
104513
406700
271328
456257
888010
145063
1041662
587012
674552
784177
285608
77022
1011373
296129
174030
946445
26641
607091
684126
368814
977920
283431
1033225
171471
620802
141327
91447
1009644
1034269
729107
59829
362831
248513
606388
406669
410389
428463
826774
522799
952630
783287
487100
596568
823899
447226
746163
1008373
163911
603695
946593
670750
505029
834665
549053
647563
210909
341003
534468
730144
901973
795895
547131
455365
452584
965904
133747
73535
892515
621451
272595
641382
552246
547502
758527
996803
84420
610969
382599
414715
314417
605162
553774
422425
810411
996273
300108
671040
727872
746291
566823
664251
14111
903992
418197
838624
630837
163910
264953
735250
75855
431150
376464
577715
262356
507486
1013102
473863
878263
109634
681601
1036371
138554
682561
600825
454806
262817
210352
687914
813354
490577
870728
399052
1028333
757703
965245
184767
54140
928065
830753
111981
884533
400674
924001
89545
156022
306088
384846
445866
760534
266251
1037613
259533
799265
700382
314920
681454
76500
465691
480633
864149
664408
310713
579262
113460
363558
603359
773354
661947
740299
312649
677926
93913
910911
382656
755322
906668
255837
652033
334870
984876
138553
850900
218589
751138
931774
951675
256851
75232
448913
389866
522204
643721
748154
1034456
189483
1009104
143130
710019
479206
1048338
104588
879398
119278
211211
930938
1028928
955230
542232
714445
129741
304125
842159
67151
488938
264016
605126
576822
1020829
435389
1035147
484872
12715
906382
995936
124847
830431
695693
674336
166217
298113
319196
664411
770240
465635
531565
884466
815257
270545
102282
665373
980010
695364
137277
1021722
140426
749074
297332
756934
467876
174752
791811
534123
864879
125220
595501
619704
178927
681854
544101
898873
656439
795051
735040
677874
495507
34946
245583
391864
1048222
491132
303541
676733
695086
854347
683129
186308
785602
952883
443915
902304
1031079
34479
790803
581886
829777
218787
703584
414103
76315
236039
323345
205074
392913
164196
689269
658114
128118
924113
102288
774389
509205
831107
326712
619902
81396
468534
959224
837812
430996
930151
990286
839741
1041518
855875
816248
355158
155752
949474
472105
373668
611536
44586
949443
238924
742349
3503
115030
466779
861378
759488
121248
867665
67580
830087
531398
369386
711768
1021957
912679
267268
897989
578570
505171
339582
80519
891046
137810
156697
155045
586053
287930
755108
364507
315510
170218
619563
85646
405935
312085
315304
346146
668604
590271
400034
251908
591154
402872
804891
19583
98906
91874
804179
306376
210083
655067
805367
46198
406459
876623
36850
303379
576964
999520
410305
219985
803026
610786
534220
25878
632246
990568
374919
410606
639339
365982
72016
203314
288574
644704
631851
120937
1064
695529
99575
410617
536757
689559
469856
881809
862409
912115
190716
601217
852157
690635
200528
49649
240264
916603
269607
646367
13509
819117
918311
572772
502858
70479
34631
325780
519566
760016
525896
40091
781542
982824
701158
721314
534282
277684
862986
1001632
418367
417761
737844
759963
112471
1033796
570206
890620
629350
140900
1020245
929383
98626
963033
844124
941960
640784
848909
1030816
847966
7923
939976
470528
893403
1002456
796296
1020414
7798
1029140
996468
118263
1022317
574126
1040790
523594
573254
385312
993536
730853
999434
451590
523885
958542
858604
422611
750160
223017
947206
83106
128460
636905
372127
1017012
305845
1027461
551777
977365
314687
740684
336275
114000
501369
265700
629537
616711
69589
482523
153770
361407
896418
212272
302399
117510
858671
208701
584536
937165
677214
285928
540992
79679
844083
970777
167389
494247
462215
352099
358472
833465
443303
519188
157541
99789
996342
10045
374023
80619
134610
273249
209853
286171
47085
688201
963173
636339
473847
35980
893407
844807
487363
241072
452796
1006328
603153
743245
788919
749806
815599
714152
714384
53511
332300
595209
4356
622624
281519
146061
611788
212415
398152
762996
872361
948183
409147
46581
745095
397520
219223
886083
900328
185495
648988
709531
28579
661513
676206
710102
474196
825172
1023756
537142
259231
221437
844844
728825
634603
219641
176068
64955
950790
1047965
609018
342168
728770
690581
753499
887852
599124
336130
620334
471240
602112
821404
960408
585853
296629
207260
60208
698803
282681
88905
1002989
732548
409886
798032
665864
23073
914480
537873
515478
33350
4995
1000467
812156
780059
485664
437447
670793
177693
835425
161145
809002
421074
1048288
342627
1047290
337415
362612
192728
504858
292156
242760
611444
286244
751207
930249
678800
634982
243419
102161
392368
674345
567902
490970
459227
361584
706741
41607
396423
824091
303939
125955
830255
433229
291729
987992
1040608
265563
796099
573628
371074
263517
722090
931620
388190
96232
613224
299118
871393
251568
729465
725415
907751
966091
237810
77346
366779
910393
93802
118827
442826
825332
71312
115712
880253
639556
999194
107594
673577
148843
889101
977162
65556
815526
530860
252767
479080
690040
1033847
222220
535071
743074
698235
155302
830822
20149
1016572
628078
621588
608196
275432
992245
146103
1032067
14898
863997
995095
443390
89080
592595
904179
89090
252094
1004323
767285
397518
111573
1024753
668938
490034
652702
565089
359875
9266
210266
530229
4513
947388
407484
220534
37088
443551
144472
974366
171441
533802
441706
622609
978210
817783
696645
410707
102438
980319
435154
257795
266068
787756
289087
384256
947672
921478
951276
151109
618325
112537
135130
193317
895068
255938
728707
590653
896374
806057
345928
499317
555124
570505
975663
188118
1008205
874813
691922
998565
954520
549263
924877
441769
965724
210024
710986
567667
876667
165730
703227
722236
66931
487397
786372
13121
198790
485667
489944
890952
432570
34373
937571
795503
553851
454075
642191
821071
376444
18847
312764
272403
459730
537298
116290
663693
533317
209034
439694
529239
354526
28440
247271
558710
779251
1028889
1023366
866231
348559
519376
871094
807562
285743
671520
414122
49962
106947
440880
190305
915377
646720
618101
439874
592075
467668
330601
225950
131910
839310
186330
728424
356351
71023
530330
1041699
165467
226999
520107
722009
808254
886643
745685
986028
540657
141754
603906
50548
77961
707789
522225
341154
1013395
291783
788886
452488
129669
1039698
847058
686183
819002
467324
29480
18261
56414
628206
436287
137528
271498
616214
924900
388778
686302
1020765
591598
987087
406982
562137
839495
873460
237296
918286
841473
992697
890896
168610
186784
502000
919442
422100
679704
775106
515207
617350
782226
603906
890054
339109
731063
239489
785120
688164
34195
146841
899845
851870
457351
366421
306401
785161
185541
1003256
495414
788371
913584
827266
204728
750300
750707
393860
698990
571091
279538
308194
70841
82870
1001122
94797
1037761
212031
902760
784580
892418
353776
673471
157305
1026316
458769
514654
622750
968046
306547
897373
380321
711929
723038
471562
91490
748610
816018
735963
477075
646805
790209
883213
916341
431535
89719
132245
782730
958050
690058
257492
488675
341377
572574
965058
139418
570106
226053
235554
97099
802689
185732
710069
589589
894751
632100
145726
373999
872555
467589
723707
350851
450951
251192
292517
837617
616878
813827
179833
97866
161696
963120
237242
71929
756352
680513
594195
562717
181419
887334
283402
783020
286551
477174
860998
691823
624665
569277
937620
1045745
911360
663962
30386
377354
355586
715518
970212
251634
181563
158072
68770
368186
413167
423373
234356
1008606
737332
71227
910934
854237
721471
854335
389537
105849
63557
630519
740732
683531
978430
907631
557445
510859
1044162
540641
728850
407228
520590
662522
992552
373292
346738
887596
260135
725856
476670
42051
1009291
599616
555713
628524
857941
691787
583418
459745
534851
182703
777072
669711
710377
536499
369649
332251
594846
373621
763137
28211
1022494
482550
841231
186321
905577
131958
523168
1006542
72532
13034
641235
643786
201779
424808
339511
633872
814300
106770
893227
913590
488705
42954
1001695
538177
2712
269888
863490
943480
146902
1010114
595296
815522
316231
17094
354068
918802
702108
29148
586607
922751
74912
958791
484745
275190
521190
775653
934508
652687
516967
320064
18181
875850
406227
977068
573521
240659
228168
739187
567988
774734
881964
120575
721748
1022525
749620
658882
979941
680674
161661
642636
57196
1025384
496745
335960
400905
873916
316397
336368
403902
958411
396561
539522
657105
90207
443932
1003772
684450
618221
220875
99035
709002
884895
824103
204510
750071
96312
456619
555719
1023895
616752
515134
891297
384574
379142
473323
66935
403892
663318
979895
705066
247143
127945
289192
586385
776775
193271
173040
43172
160460
819298
921681
368822
532515
362157
61528
565434
79051
892724
932729
296423
86669
646816
424551
714074
818462
451987
781392
787051
918119
467179
286711
76556
552449
930758
37018
916369
33219
547009
200091
509983
841098
760777
523443
748569
973931
495848
491034
964492
253602
389557
679003
954292
434302
558809
1000910
580053
634864
469627
294402
42380
742433
875249
1022535
77648
941953
294306
484775
366674
484102
255085
506827
702761
901168
712606
671153
874700
356795
288738
381722
207554
399018
672119
850592
494567
599305
526388
854790
854695
367149
949093
34962
536197
712721
151327
791446
75112
651855
923152
878981
969587
828490
127322
141763
593495
657296
640519
391638
583202
315438
756694
24066
891466
952864
562522
467911
620349
76851
935685
999745
122467
954251
1007306
753028
925173
780117
859654
99797
234751
826798
747987
72983
435071
987028
219318
883154
693340
650202
799949
521573
875464
795515
313915
757523
844498
1023675
419697
383246
818676
545197
208201
799037
962974
700616
328731
824158
769125
322618
39793
155423
718864
642647
790583
794978
597844
196029
735204
451564
120209
953441
957335
761505
563736
888682
337012
32332
990935
404352
839418
101161
327677
594296
178866
603173
233857
684246
846989
439818
535449
619203
383639
737183
216053
484483
77423
994922
738536
11654
598313
172893
280869
946668
729154
9024
553397
25205
981673
792780
344486
699540
507454
904264
128750
142151
536002
468441
449338
89283
1020143
778874
932097
745609
498874
670671
104098
28505
579846
310954
117179
61006
1019645
539070
696717
947049
829056
357441
37283
580667
176472
847631
1039839
927772
659699
364832
799349
935426
388378
274175
996062
877490
180957
821936
121422
630682
973149
453850
936555
579908
120944
467532
476189
53580
573109
320205
883589
343086
314366
802366
225314
666767
636615
619429
368451
400932
53359
627214
94048
748215
437
671633
448222
86217
58951
771449
323044
987123
541072
485108
1027685
554130
420609
352468
491483
794327
640022
548023
961609
1010314
917638
214120
553782
742091
142054
973548
224658
27010
438297
231312
607654
668354
427644
263953
163359
257291
165548
601800
205444
525999
944536
48141
500433
496120
572895
384997
296326
1008531
484543
851487
38724
544972
270056
842751
697084
48317
724271
700386
385875
348640
88778
731144
894519
17149
970598
579241
287808
2166
20680
1036037
99533
947753
936197
826622
152468
489821
498242
420507
95029
909443
434427
750637
552754
778035
536805
39956
76040
698004
578915
249262
339713
110765
204227
510905
324903
263386
239767
474099
611335
620336
56402
1044942
489492
525139
823928
617917
484365
72370
934528
509414
208701
997048
26401
837688
565965
68061
308804
825909
159468
24431
991234
112570
581002
178553
287195
590253
661343
169872
949095
646421
1003876
308498
94984
247554
835420
275935
564529
504334
506299
157744
984129
264082
222500
409976
404159
1031096
379944
70543
695546
1023205
65379
585912
330825
328033
333295
877813
256385
70647
143507
589031
625342
548482
304875
701202
1027239
967234
533103
754426
757758
829418
811664
726177
899107
749334
665560
120485
495426
77595
601641
757141
77107
41737
583988
630641
373882
620447
40266
517430
79574
28763
448611
833878
980965
569236
911649
689588
160618
338254
808627
656841
673668
880249
375400
259419
95914
257752
689698
575915
373807
277560
685242
253161
893436
189741
920530
686140
689400
718190
821544
765085
977590
310518
584623
783649
403224
895843
904237
601721
488641
823855
657963
724907
433125
231412
381757
596332
683912
309231
739332
904560
351246
697698
191072
739455
359486
398145
677918
642924
5600
375620
18458
845681
967417
3853
1038558
857952
659422
644167
434785
238228
893576
362345
453535
460912
83790
830514
972557
242226
105626
81258
283683
281030
683294
758190
191051
416038
780886
483236
97571
839162
306386
667311
926305
105623
390339
275070
70515
19572
622744
953701
617540
714841
437147
387727
631703
359181
283765
131463
479588
213618
909622
289335
514541
623415
336665
962134
753654
66264
480253
633582
851537
281294
470309
539136
755106
639222
52818
97649
976659
566812
701445
674123
785624
1008068
6898
706361
815338
505948
1029013
98165
766399
367686
222934
267982
670067
223952
72963
853899
855790
572951
500484
170124
915351
385292
966013
698003
449347
885748
865987
547865
91489
176592
997460
738743
579612
795648
145900
724468
679452
161189
470633
626638
801679
628062
1009253
927269
792651
279070
416322
84581
486334
957678
94039
870295
398951
154113
329495
51090
21846
433374
343912
651777
587105
421430
475373
1041084
798158
673987
659378
1032655
270722
643400
679544
290576
881237
397372
529744
381170
819012
395119
646995
231137
232552
91551
293712
645048
111116
692825
850480
1007257
774714
778344
568204
976131
918967
207844
355266
216801
1005652
676639
906432
565567
784173
632011
191176
28478
817699
964439
794164
297807
1014492
366017
534806
679922
671257
727613
679058
389104
40245
439819
580868
574158
934957
964066
944381
305230
137558
134001
882208
363982
709800
784913
193294
556329
865999
14246
482102
203895
1034034
206523
700005
577821
188085
770492
429263
874535
250520
820758
482620
970121
788779
229042
222630
474509
457048
333540
642502
596425
584953
731757
720020
626083
734013
1022016
635836
84458
567551
52236
224121
284311
618948
72362
41190
466492
216868
821190
722406
57881
945379
451077
590004
764186
189472
85883
27349
494006
162975
303281
790123
273140
241982
632741
762414
255660
664897
509430
912506
180677
887508
757082
489969
43769
997462
415960
363185
1015631
165881
547742
185331
2497
659931
32207
395922
113817
753290
509105
920796
656042
1031820
900273
202919
1029278
519819
571642
556742
140361
197167
96412
670094
268201
966300
1006550
643455
301568
841122
641644
173758
800278
947336
686723
406343
142500
47943
307650
663570
244320
897309
1022192
1035640
636323
692496
488064
992662
552099
877805
1044482
811776
763189
236262
563197
265642
135001
259796
861725
262495
412096
302475
669480
106805
135029
635065
442710
13862
239727
179049
274267
110380
344503
814380
668248
862329
409918
510238
537980
462840
1011229
379024
373895
543124
1016117
561094
994874
946658
813741
765589
141307
721987
259217
120861
20024
596828
679660
480224
1001303
116573
550405
322258
642008
105940
424359
88820
822984
911560
1045381
544570
714027
441232
278558
905288
996928
994476
246067
198841
976715
352534
346310
770881
970096
324840
568550
817076
516965
455607
1021919
163726
355715
1000621
422387
495347
810683
982554
763626
961904
812013
271514
861463
832282
697653
284156
315244
739594
580636
894482
155062
613325
418934
200248
440264
293814
713769
564497
888755
339828
900697
510524
731902
61926
687330
885004
12123
417509
344000
512161
22469
474294
690586
591404
223366
809750
1043263
794769
278111
852194
726896
454101
630334
970825
746764
447778
901374
830443
570784
966413
978175
548703
744544
826964
939995
124927
23646
395576
999925
403098
880934
563978
351081
877423
444174
30265
995379
250983
252604
485738
517637
532060
807599
336492
299839
440314
894145
1016853
103330
77440
192867
858141
982606
464181
924113
929065
43073
973036
226485
247434
195226
76176
642957
686784
804862
516257
630104
325116
1022151
998489
1032216
811757
249709
79616
724880
922650
572646
258073
304673
331029
93304
990794
186466
40150
582354
143856
1006571
934413
670978
27981
1022018
988406
589065
985527
133876
1029149
298309
49367
614355
852440
541363
562051
989840
459022
968951
590049
724605
422535
759560
249732
60781
288305
199669
481952
6568
305196
322794
330015
609174
130214
824989
221557
39617
795495
168003
226709
771710
44618
436693
205857
328068
923648
559724
897562
682116
174409
812371
609101
788747
968046
55161
146173
490428
795647
848509
545063
822538
47265
221520
908591
424394
706807
380056
8192
854692
458530
663904
1316
145890
955235
826658
688046
616289
981861
148157
437328
466686
442738
822117
661201
349185
641232
991461
784501
740409
105123
687365
253928
971437
1016796
492470
784275
532708
73061
1002129
615625
57929
185661
656035
962933
179060
577612
864276
1024238
1032803
83455
416003
85195
287331
844474
541386
887085
383901
698404
764303
852583
83559
769484
753066
253307
46456
640075
1002515
307795
4352
953206
473951
125048
384047
16696
687228
25589
849922
81717
39193
362129
738208
959391
816612
239119
653692
992380
1039292
40793
746648
455751
565358
728507
812357
136981
247031
315483
178810
402261
545159
155850
578910
1028099
1011776
89140
795820
634237
223179
1042108
900717
351437
543850
320986
213768
783419
766258
34777
175342
811053
551426
852699
57530
567410
461491
117214
947986
912927
419930
741375
388090
1043124
338780
247192
212119
659407
974559
149706
621633
221338
502308
330916
420479
900927
709472
505920
844473
210786
631833
787501
564754
358569
407566
747366
345556
227481
279334
954822
318399
230095
752228
1016111
398701
72440
62448
350440
602435
794082
13095
748704
577692
259929
765654
375807
943957
767007
808952
362343
401648
654265
402815
604730
143808
841680
248661
918813
180982
943872
311951
301994
753995
314809
129362
739089
83167
810229
180990
431039
7518
775008
397539
277124
66869
876106
657035
634625
40580
567995
115115
895576
813087
671426
966587
869102
154537
702185
23081
787063
856800
1030431
726272
481303
719381
729753
693524
923167
8661
425901
598766
494772
67267
922011
616275
350825
173291
91566
518927
20253
24359
896566
506526
515285
471322
317083
193899
300474
621518
924373
599597
132395
476520
732250
216856
1002199
267395
326289
1015747
612101
543341
653176
405347
467260
402034
172939
262368
768053
829295
165791
423374
696169
544306
579881
785279
336413
487468
558543
258063
485843
698469
102181
554298
917518
570310
648043
672206
76249
864691
718369
822801
153162
425150
935574
548279
271064
552246
274013
393045
189723
523338
54094
865461
472276
828115
589324
522302
857123
982963
979294
204493
558523
890804
540806
998020
42787
914
475217
1023661
1037158
480300
199125
703462
44
49132
365406
867580
8026
275493
738366
778469
760263
884936
805270
889891
63807
950447
49754
2268
86559
820170
778148
322929
642200
501752
771850
383102
664095
844446
690842
335945
259725
458587
293773
403175
1004783
640308
548424
578542
148460
296221
338736
1017208
468756
400132
605907
625844
403165
929974
963343
120940
65746
395399
302827
856332
215111
429161
96507
506733
804001
852511
602029
290553
18234
599697
311434
342754
1041569
949192
505964
128144
230571
1000282
531755
710488
51342
329004
657581
242953
309508
675763
909856
718918
863311
679140
254805
827235
542462
953143
59709
806716
286311
998565
677471
281087
351190
383762
831421
87226
383985
35150
193729
950308
205262
1033359
245455
778710
397916
817509
902778
659968
769405
702838
317845
833758
88698
1008495
685153
586975
132969
147948
2868
175774
491749
915260
709131
630387
39747
612789
91048
124662
74525
263722
209613
741030
413221
643614
722043
162897
107457
158158
893824
656594
330347
377305
118500
980180
962832
481696
535003
96602
841814
81582
870764
564644
882285
653139
449493
1037134
265669
935285
328191
231566
888892
108064
554564
514735
828427
680683
1047288
986082
242911
74699
617615
948387
584397
516772
792882
441194
982984
95146
763481
462556
1004316
341618
673456
608228
198121
570075
764713
750520
908625
299355
852879
399868
672361
976063
596166
75205
308779
861588
643863
535147
305238
495416
968133
737603
363174
403853
238579
87677
129470
118952
811246
91497
980104
856892
289838
475112
228662
157181
205811
40210
905365
884090
972420
22912
165236
429639
369871
501929
936417
1031594
588373
209159
373383
520721
31155
675641
215370
985981
389746
755900
896492
18374
175571
210250
843412
643210
772323
146188
97280
882682
706238
1015728
856293
719688
73417
532464
949437
140554
778106
344189
951469
704566
140628
127555
741225
359595
464698
389952
950391
820115
936184
77156
456059
512267
20961
930970
647617
380952
1039957
154888
1044067
558534
886932
945513
315019
46310
81165
732388
390572
185344
860889
633360
479258
112401
929745
236705
692756
330972
799453
126951
851320
644939
949305
981313
465340
436809
730163
878682
488940
138745
214137
199410
577455
646179
329791
908066
456403
232534
402728
698669
487665
805334
398767
1026209
907953
784259
940504
788020
854524
341922
834053
39579
942183
565882
594108
561237
948995
606177
744701
553467
550707
381428
435594
961225
769683
1601
881835
759079
169597
247447
935707
622511
507776
545732
460522
291211
530032
92872
695607
154203
38573
717539
954582
879727
81282
316611
259705
83902
969559
423174
712668
177537
235702
564524
598238
1040453
1014518
778399
535401
915269
233745
93330
626639
833675
93797
597539
352193
75476
639704
635985
758072
772341
477622
616139
520405
949804
829622
555911
702704
726448
797191
539822
73870
90604
252108
447783
486162
384026
468007
29700
101203
364308
658697
669940
193663
732748
33867
591554
1007754
355965
965514
20726
435445
706636
317515
627628
752915
335651
946598
197282
808557
188359
673710
780458
846273
125134
98608
363713
5224
303407
450586
953478
52708
368141
20543
487785
862002
1002507
781512
351346
965296
68297
468779
644619
940798
216759
33703
530091
311844
624606
965829
23110
727241
304591
687808
428785
609578
823607
214518
680477
997780
782269
927535
594993
105439
766632
414360
244205
749536
665286
538950
781646
413724
296794
100279
606927
1042064
911355
440679
169290
648375
549752
891924
925049
409120
405666
375104
554731
245069
360261
704443
707006
335835
1020321
684977
80313
474810
123530
736461
125127
501973
665958
566418
1011415
203772
998088
188133
1022103
1024225
209541
884410
141890
972174
73286
481764
386722
545130
498855
1013875
529264
692700
915249
451654
122523
25268
42613
699253
262331
590146
479471
379530
636838
43662
502092
395788
255574
197470
772978
325169
439612
513041
689992
383662
174575
72482
953812
848584
907882
31759
862371
884696
988924
878313
477815
482876
3421
783446
576307
17994
523803
602239
212704
878631
955218
454247
29992
905136
709138
682566
272263
433525
610423
820475
559286
513403
8440
496878
817569
682979
987217
6898
716218
523069
182666
861007
323522
58429
879306
814187
266276
398168
502133
367207
14180
878511
1009047
506014
408654
937907
224023
161860
928978
785163
909976
11659
470418
821454
198030
66069
737888
657326
366977
111782
999199
899594
920849
963218
387575
309140
487740
812654
519592
567594
930768
916711
350398
622000
948791
737408
1023731
923693
139916
274465
723769
364575
903383
1022286
786840
232364
616581
697025
109522
975529
124960
900085
706000
241573
625486
189778
314673
417609
699168
708092
302651
199290
162348
890353
576889
267355
926076
447536
337120
49505
997336
486583
124902
303840
853330
233667
617333
595865
440262
751296
915844
834000
951347
757665
919269
516766
982027
86093
842406
654214
761472
925091
214815
941588
220760
922939
622695
982613
730324
160829
347662
1048175
880287
961821
260757
263607
152626
398340
924385
975455
546046
1025382
165207
784675
750526
236780
74730
373990
1009481
2013
754316
49203
618414
144614
1011057
176027
747487
194081
544352
570167
1031051
982722
950599
587027
949955
617239
667376
452836
455684
299107
1015331
833621
848760
37869
1030477
605867
349927
760772
487402
912481
303898
869081
589564
1018397
307383
886326
783364
508205
296386
265805
670455
377806
211332
334335
567185
138149
98476
939135
491835
1014549
536549
579441
901725
747254
348913
1038897
235766
722710
557194
870218
824961
1042668
9299
929754
1009422
104487
829682
402748
457322
1011517
113702
605011
974214
13543
179017
934664
301701
153601
989247
927315
932185
336163
767072
1028161
1030830
656097
848653
247808
72379
622259
321035
368630
1019810
165506
393417
125356
24075
740603
58037
73311
80718
607705
54274
721721
52340
586269
190911
328649
61471
550264
194216
40911
583167
930051
419449
132383
549660
201224
932013
682788
561725
730110
816451
697645
967634
539015
513587
340575
786378
661039
948154
336276
357971
675373
213164
268146
295565
854142
3962
476556
1024181
775599
955411
562094
688969
286218
63201
105466
437449
165487
80238
1002734
638834
244431
259190
799398
729220
1022975
45146
837418
24455
99904
123505
616176
749813
682225
474980
452285
8553
431079
962110
93196
735540
427512
39428
195761
540755
878547
777309
727496
222396
179772
135075
120793
203629
891780
102907
866696
956193
857706
297229
957283
729830
195102
112889
674986
809801
129567
21820
289119
1044875
45373
740374
1013975
718280
479112
353726
235488
716270
880898
899731
666231
1042456
497042
756096
240516
318325
487211
661473
966191
491750
918966
873488
170461
579764
7212
120829
585231
60606
694842
789236
125114
880425
177335
333699
280610
789467
992995
1023363
892925
98617
497029
643486
472439
904173
715470
432810
825548
587760
296057
457439
872156
320155
524905
713421
623830
348958
199690
814341
971078
322162
643026
492868
831565
442121
156846
903249
421076
1017495
1002593
907751
32892
229845
154465
536146
734578
399572
899008
660495
952421
323688
989335
238597
164991
967305
159156
541122
433668
606176
655398
229815
767781
399440
45713
439599
305527
437400
308818
547482
49353
926217
89303
926153
267084
605086
294326
194613
1015800
391100
742291
630306
371264
252457
742318
898808
243262
488700
105624
370304
761304
597210
249113
92503
341469
28215
227760
765093
276794
844670
719288
23982
143467
381230
926696
