5000 10000 1
355 4953
602 2654
3139 419
2528 1196
414 81
3923 3430
2235 4504
1807 1088
1283 1671
37 11
1538 3770
612 4993
3148 142
681 2449
1256 858
3805 3685
467 1872
3797 2748
3376 4832
2925 2795
4395 4279
4828 3996
4757 4784
3642 3585
1472 417
3399 2763
1234 3687
4569 707
3091 3717
2221 69
1275 2783
3714 1013
2784 1244
3961 615
2067 2099
2818 4270
2793 4168
4135 3265
121 976
3118 2704
178 1862
4298 4352
603 1966
315 1511
3396 1300
3360 520
190 3362
324 3932
4515 1954
2487 1072
463 1359
2114 1408
545 4676
2995 3468
4383 2859
4762 2318
1321 4503
4595 2633
2924 2939
676 1391
1079 1659
1116 578
2423 4814
59 2312
1256 2760
1632 379
3835 4093
1207 4094
3008 4718
3299 3409
1392 2008
3037 481
1887 2192
1740 254
2765 673
324 2669
3424 1392
552 443
1614 32
4779 2536
4331 2039
4120 2210
3480 1926
1253 757
3036 2684
4041 3294
70 4166
605 52
27 3065
3827 3143
1966 730
1982 3740
4055 3449
3253 1716
2127 1104
3433 4665
321 161
1603 2650
4800 2823
3841 4943
1466 3594
2860 3351
3960 3571
4182 4315
4172 68
4587 4329
2053 3344
1531 3256
3487 3060
948 2669
466 1171
1994 1668
735 2091
3776 291
39 1227
1573 3564
2432 44
4200 283
4738 1931
361 3149
3247 2609
2868 2804
2637 3792
1548 1657
3900 615
4687 2322
2206 3212
1849 229
2606 4178
4671 3275
2672 292
1874 3300
1812 1916
4312 3151
3276 1624
1344 4228
155 4765
2837 3608
4544 2370
462 497
4834 946
1630 1059
3480 2262
4416 2588
473 1811
2330 959
3514 2319
4468 524
3997 1129
4258 4043
395 3266
4793 3586
1917 906
4986 4586
734 4835
1596 2452
2001 2088
3243 2263
221 1795
4351 1435
1904 543
166 558
1014 4602
2594 3160
1834 2510
3619 2417
328 1183
4531 492
2169 2514
413 1411
4701 4408
1272 3234
658 4486
2444 2699
1197 272
1114 116
2655 2865
4838 780
3693 3209
4491 3553
1346 747
975 52
1097 3937
2334 3966
3085 2484
3740 769
697 2025
2557 2894
2041 3331
4222 4587
966 557
2221 154
3134 83
124 2974
4371 4594
2958 2286
4410 2690
3139 181
2313 4164
742 1742
2422 4295
1854 1734
848 31
3965 75
563 382
1844 4243
3456 4400
716 928
4214 4893
2106 791
4825 2940
4025 779
1364 434
2269 1679
2215 22
4691 3501
4358 3084
1509 981
1521 3437
3837 4354
2895 3721
4682 1365
1577 711
4613 1715
344 1465
3453 16
917 573
6 4937
4485 699
3380 2
3127 548
2691 2029
2422 1919
3166 681
607 3947
506 4115
1379 386
4344 2992
2483 1702
1041 861
3052 1273
1169 1524
4171 3074
4141 1221
3580 1694
3961 1124
1364 367
2664 1994
4036 2250
2230 704
2096 460
4552 1388
890 2897
2597 753
935 1360
1630 850
2740 3536
769 1886
667 4822
1657 4335
569 3241
705 3552
2975 1431
683 1047
2838 4852
2262 3410
2317 2982
279 2494
4474 2273
1810 4901
4220 1048
2180 1460
1575 3429
1300 675
2429 240
3561 3198
1050 3491
3838 2609
1636 4304
1085 225
2172 1647
1851 3318
516 1449
4930 517
3057 4577
398 4127
3240 4078
4034 1203
1696 4524
3107 1623
535 74
3284 4978
3205 3456
4019 2251
550 1422
1267 505
2945 112
4768 3234
1899 3729
2579 2558
1445 4260
2770 4510
3743 4753
3702 4065
4789 2671
1540 301
2452 4069
3960 4027
2724 722
2861 1919
1370 1954
4539 2304
3113 927
1802 4092
432 2917
909 2920
3257 1465
772 3883
1337 4450
2844 4282
4993 2088
3394 2459
2746 3459
3190 1727
2880 1238
4646 264
78 2736
3630 3133
4977 4125
4300 4226
849 4906
4319 328
2572 649
1219 4780
3599 3866
4391 3881
1063 3950
1497 3418
4821 3058
4582 3919
3232 4339
1000 3459
4168 2351
12 2380
1501 3362
4336 103
3256 3109
1206 3146
315 3076
937 4554
2495 1271
839 3331
1928 1032
629 769
4844 3908
2833 806
1978 2819
529 291
4499 4187
3952 4331
4768 1273
4835 4870
3596 1630
1045 2783
4810 3352
3170 1850
2945 2950
880 1909
4127 3210
3607 1554
65 4105
2591 3176
1297 132
1420 4158
4177 1005
2179 672
3804 4637
2054 4875
4275 341
2436 3934
2830 626
589 570
4045 2625
2809 3765
1437 2012
1492 1591
3825 193
1374 14
1920 4684
2109 3672
1788 1651
3261 4476
567 3982
1342 147
1562 2457
2795 2322
3370 2764
1968 1809
2540 785
1714 2593
731 3883
4175 3776
4291 4982
2866 2118
4206 2074
4576 2270
4442 318
2784 2002
4215 2225
3026 271
2318 3787
4781 4041
4225 4552
3431 4859
1868 3211
4440 2637
1378 4051
4092 4558
2460 1424
202 608
2177 3681
3631 1150
2412 1560
2554 1259
1308 1397
2098 2329
1424 2264
2713 208
1361 1441
4232 4011
532 774
2825 4286
2415 3634
3067 1518
2973 2090
1955 2636
153 2062
645 4968
3202 3786
2442 2518
4815 3024
2546 2087
4754 2054
4689 2303
3995 2723
2586 2844
1516 2339
3049 957
2540 1108
681 1555
985 991
490 2549
4462 3145
3421 3212
2858 3757
1797 3124
169 276
48 1696
3221 886
1769 1178
3278 942
2898 1892
4306 3381
1292 977
2242 4586
2986 4617
3051 2672
2327 352
312 2163
344 4338
4973 4251
4163 1028
997 3288
1331 4200
1301 1759
139 4178
3907 2587
3337 4412
1364 3224
3959 4492
3394 4812
35 2926
4327 920
1428 890
4019 4510
2993 3212
2349 4693
2638 2959
1581 3077
2323 4001
4673 2084
398 3885
2217 3025
1711 3559
127 1987
2935 4552
1768 635
4297 1443
3452 3107
4605 1463
1889 680
1345 4944
49 1486
3778 2085
3910 1760
3275 4112
985 3308
1599 1542
2039 3663
2394 1267
2506 4571
22 259
3267 1073
2881 1679
805 4238
410 2064
4803 1226
3905 1236
606 2682
1715 1136
1214 1704
4240 302
3802 574
1383 2623
1470 3558
2849 834
2014 3643
3620 3168
2265 164
4359 2013
4275 2997
2056 2046
4930 4554
1793 2585
4289 952
3634 1144
1458 4631
3425 1424
2622 1327
725 2237
1296 695
1192 4455
3622 2351
2518 3248
1733 3790
1201 211
1998 898
2174 1774
2941 801
3234 1667
4659 3845
1548 3291
2058 1386
2891 4265
4847 3870
871 1967
240 3437
4846 132
1758 4435
3453 454
5000 2038
3200 2738
4064 475
248 1613
499 1963
2166 1259
4674 2909
674 2989
3279 566
2252 1743
2757 2819
91 3633
1809 1790
1294 1150
2597 4157
4251 618
3915 130
4576 153
2606 4412
4253 1716
844 3108
3437 4045
4286 452
1358 2095
2684 2271
1271 1880
2395 3960
968 4273
622 575
1953 1989
2179 2153
4457 1803
3941 4282
3545 264
1945 1046
4813 3801
6 2314
3435 934
3446 2620
1718 28
563 3845
2921 4565
345 2850
3438 978
2825 3706
1045 4564
2541 643
123 1685
4075 1790
2689 4604
1306 1427
3042 4872
3641 1994
4972 3544
1156 2796
4210 4698
2008 269
1442 826
4851 1420
1867 2038
4752 4589
1346 1305
1916 3156
386 398
2424 242
801 459
1132 4261
1282 2354
1050 3169
4046 2839
1250 2364
3115 2599
4241 1349
4068 3002
1548 426
1786 4558
3466 3572
3153 2051
2143 352
4413 411
4497 1467
3636 3000
4886 4637
2517 1794
3739 857
745 1487
4390 2541
418 197
3584 4680
1087 1326
2794 1027
1695 194
3795 771
3002 2259
3329 4371
1105 364
2839 411
4141 1375
4864 4530
140 130
225 514
4085 2961
2484 1310
1685 2611
2282 534
812 4765
2764 59
2707 1197
3488 3503
170 3050
1479 2727
3495 3046
3366 3235
4407 2357
4761 3661
4579 4344
3395 2910
1627 1958
3656 3145
3903 4676
2601 3272
43 1323
4358 97
547 1445
4901 4466
657 1797
4292 4412
3623 2384
229 3126
4044 3219
2948 4280
1784 771
4817 747
2710 3491
2497 393
1082 214
2296 2112
4973 3770
812 3620
3509 2991
995 1279
4421 4459
4204 1098
3083 1183
302 3399
1295 2677
3142 3845
1892 2516
1865 1951
2321 2479
1730 3704
3667 3263
2478 3075
4688 2863
2525 3934
2896 1273
230 4136
1839 3484
2958 3480
3043 3120
2226 4467
1114 1848
2333 1088
187 1607
1220 486
4410 3291
1356 4815
960 3917
2971 178
2546 2617
3638 3518
1258 4567
4739 2705
2256 3088
1510 1890
835 2701
2251 1701
4639 206
416 2419
3086 535
2061 1652
3835 254
2547 134
4713 795
2549 859
1652 3670
3191 2292
1160 2061
144 3997
1353 219
1615 4943
1096 3488
3336 782
1 3493
2899 3778
4427 1123
1418 817
2389 1207
4954 3023
4787 926
3245 3367
4755 1018
1252 3217
4872 866
2703 1656
1564 2748
2796 2858
2593 910
2504 4563
4226 3926
1312 3276
1669 2323
513 2487
4966 2309
813 4799
1149 3550
983 323
2413 3993
26 4580
3833 3591
1739 3058
3576 1481
321 3215
4547 2897
2944 4622
3370 2084
933 3063
3474 2907
1557 4469
1524 2782
1676 4502
4901 3244
3229 3549
4432 2597
4536 1632
954 1291
3456 2584
2021 1184
2184 4500
1783 1165
3374 4587
1201 2347
357 2740
3539 3699
2120 1702
4058 118
2822 3507
393 935
2631 2336
1925 1893
4292 1860
4407 2713
274 1306
396 4084
219 3542
4131 3995
1823 3589
4623 2243
1086 713
2524 2528
968 1432
3325 2555
4523 3584
4865 2621
1811 3480
2418 3432
383 3773
180 3408
4198 2856
4230 4042
1196 2821
2635 987
2345 4660
3509 2554
3054 178
3335 1831
2512 1648
3578 4492
2748 2172
49 1159
3860 626
2190 3141
750 1625
1586 4984
3145 3847
4878 2923
3166 2585
2819 3014
971 2781
1878 481
2886 2470
2664 3875
4883 975
4689 1670
4687 1805
2438 2878
3994 880
4300 3572
724 4401
30 2771
2099 2234
149 3138
4901 903
3816 4378
4227 2442
989 1044
3986 2391
4129 261
2773 3187
929 3704
614 877
4483 4984
3677 3186
2906 3517
198 1359
4867 172
2292 438
1972 696
3148 3991
2143 3598
1622 4134
375 2110
3538 3578
1395 3735
92 1210
42 2167
4890 1562
3369 369
2444 36
3135 1287
4789 2232
3251 1422
2363 2722
3242 2591
4979 838
653 1235
1905 4794
2288 1742
3091 2855
4362 4397
4030 2841
4771 2716
4156 694
1284 128
247 4863
1777 3151
123 141
2295 153
4209 3879
4215 2801
18 2680
961 2037
2775 1374
3118 3962
1408 4695
112 4168
3948 4370
3639 1566
3724 702
4814 1898
1130 2672
1478 4924
1058 3297
159 2938
649 4430
2313 3252
1413 1998
3896 4192
2790 356
3314 4158
15 2349
156 998
49 2156
65 4881
805 1843
4565 2398
1662 1242
1962 2891
2673 4598
1176 1297
2562 3699
69 964
1673 787
2228 2574
3981 4222
848 2574
1574 3296
2651 4938
2805 2432
2072 530
1527 3234
3235 1996
1963 1182
3737 1469
4158 4368
2726 2652
2879 4854
1736 1792
4950 1062
2562 629
4039 2462
2301 2411
1745 859
4499 4314
3548 1351
3989 3108
4540 3033
948 2207
863 1124
3001 2168
1523 1219
4717 4125
3148 1450
3762 3686
1862 1696
3712 1561
4155 1015
929 327
3822 4987
2788 1041
795 547
1488 4315
2416 3376
1243 1216
3978 2304
2932 272
3341 607
2531 3637
794 360
1200 1400
17 938
4683 4862
3638 2477
4120 1579
4027 3923
3445 4607
3897 1568
1732 380
1884 4648
2182 2998
986 486
4587 3461
749 1932
4657 1758
616 268
4271 3499
1185 515
4123 62
3191 1614
3307 4278
475 3808
4653 3948
669 3182
2968 4553
2323 4355
546 4417
60 674
816 4501
149 643
1870 2095
4112 3819
844 4499
1526 516
1524 4475
2706 2444
891 67
2319 1757
1103 4286
3916 2548
2651 4211
4688 1743
94 1679
2568 1923
1206 945
4811 2491
727 3525
3083 843
4632 3303
64 4960
1740 3993
2406 4727
1759 452
4121 1883
2312 3963
2273 2619
2031 2455
1464 3243
3109 4589
2045 301
4595 793
3791 4046
1705 1590
4151 3969
3301 3668
752 1811
28 1965
3912 4540
3034 1203
2034 4266
1871 279
812 804
1709 454
439 458
4096 3788
766 4791
1568 4625
695 1001
3743 4582
4893 1387
3878 4389
2578 3660
3762 2859
395 4426
2381 4768
2680 673
337 4411
1513 4534
105 3138
2775 2338
3 1205
506 3592
1222 2404
2933 860
1461 38
3409 1000
1888 3927
724 1028
1124 4498
3367 3276
2866 3567
4062 4528
4995 4924
3018 4473
1624 699
4062 4805
283 854
1913 4290
1360 831
1929 4122
1872 2565
2952 1585
932 1160
4716 418
4608 1747
2887 438
3866 3419
1075 1305
1471 4958
637 1564
4244 981
1806 4006
99 289
1528 3346
1493 1153
1608 3432
2632 2620
1690 147
1756 3173
4991 4189
3714 3338
1480 1601
3351 2331
2480 993
4729 3264
1458 63
4071 2836
302 663
3880 3911
1190 3069
1273 4311
233 3042
4625 3676
2138 2035
1564 2599
1810 519
258 2496
2469 91
4455 4375
1398 4710
4495 584
638 1564
1998 2376
4297 3124
1470 4848
1461 4800
4785 1571
1537 2484
4513 612
4421 4115
457 4067
3346 3077
107 4420
4325 4127
2338 1984
561 934
2485 654
3318 2586
2104 2514
1071 1933
2288 536
3011 2554
3297 4324
1434 3901
4359 4352
4461 2751
188 4052
2303 1928
1611 2584
4825 4181
2216 935
2242 1684
118 999
4864 3703
2669 1197
3677 1621
3639 2658
2683 2192
1258 1198
4779 1819
2398 3956
336 1204
3027 507
1758 2608
807 3230
2062 638
1722 2547
280 2062
3917 292
3001 4012
1470 994
3569 1089
4488 2698
2043 3173
1563 217
1880 2573
3413 3982
3549 636
1833 663
3946 132
1901 3609
773 720
3837 3897
3193 3187
459 4644
4425 974
982 3051
60 4493
2230 4867
2032 3015
4874 275
3972 788
196 4926
2815 1284
2860 1146
4884 4036
4014 1282
1926 3572
4513 524
979 4158
2347 3180
2885 1426
2309 3784
3538 2814
3514 1311
874 4184
876 1961
2156 3559
1775 1103
1456 415
1638 4275
10 1171
1083 1495
3558 2096
1140 4527
4787 4877
329 4049
2553 3909
469 1155
1053 1630
2893 4727
4523 4825
4419 4231
186 2279
2571 4368
3627 3311
993 1701
662 165
3559 4746
3305 2628
132 2913
3666 1922
4092 1911
4898 2724
410 2851
2712 4355
2377 1183
3051 2260
2049 1515
638 1646
50 1504
202 3684
1737 3376
4656 2468
1335 4246
904 312
810 1328
4484 2987
1342 3403
4027 4894
2626 541
2077 4893
492 1233
1984 1875
380 4602
1050 3397
453 4320
3382 4366
2571 3848
3392 1576
721 3083
542 3362
2189 1412
4499 2494
2251 4224
2547 1076
3552 1516
432 1344
2565 1645
4975 4547
1924 1912
57 955
1128 1522
4023 2998
4036 1191
3569 99
4263 416
976 2593
154 2712
2482 1100
3767 708
3480 857
536 2606
215 3128
1422 524
4820 2270
1297 4568
4601 4846
2357 2312
2946 233
4912 796
944 3486
685 4389
1249 2477
3845 585
3729 189
2848 447
2870 2860
2498 2930
118 1620
4318 1727
4753 4954
712 3923
3286 4139
2005 4438
2017 1360
3558 1893
3181 683
3920 3129
3795 2701
3346 2821
2344 3017
4020 2850
3606 2782
3227 1524
3843 44
4154 2467
4803 3327
4884 2890
1330 185
3830 1091
4472 4915
1010 3721
1774 262
4319 1130
3933 123
4147 2939
77 2481
722 3737
342 3164
1965 2230
3426 248
4863 2282
875 1038
2990 3974
3107 1136
2714 2233
2244 3383
3486 3206
2014 4675
4926 1215
4836 2968
2633 329
1410 3447
408 2514
2932 606
709 898
3564 1396
1779 460
4491 1405
1147 950
220 2290
810 1952
2503 1793
3555 2321
3374 4189
2573 83
3798 3138
4506 1223
1648 4553
3559 3640
2507 1313
630 3928
850 1558
4682 4761
2046 4086
617 2283
3181 4726
2395 2037
3388 2968
2045 3585
4801 3216
4949 2234
4629 1862
109 509
1114 149
930 3305
3928 1773
2757 2767
1193 3408
2140 3118
1450 3852
1204 3153
2576 3371
1924 2690
3666 1907
4252 4577
1464 4260
1073 502
4637 1492
4946 3749
2097 4617
4786 2462
318 4503
1274 4230
4798 1658
2533 1201
1810 3504
1639 3054
1071 3192
1638 1881
4767 628
3637 3402
4009 3441
1719 1078
2393 1079
1738 1869
1853 871
278 3959
4187 1656
3389 3812
3602 8
1827 2750
2549 3893
202 2056
4879 2412
4343 3735
2226 750
3889 1314
4008 2086
766 4569
1267 1672
1641 893
4188 383
3922 2008
2098 779
1585 3750
3015 4883
537 4386
1833 2547
2478 4805
4214 3462
136 485
324 4179
3965 426
1775 3365
4589 340
3665 4486
2363 2557
2462 3346
3006 1446
1306 3433
2056 3274
4235 1151
3423 3270
4400 1902
3288 3218
3807 4042
4639 2463
920 855
676 674
2086 4643
4051 264
3816 3908
3339 4684
4968 4989
3800 345
183 3714
306 4901
3884 4181
4670 906
1230 1406
581 866
2538 4904
4127 2968
2170 1104
3970 1
2907 1231
4724 3317
3963 4969
2106 3439
4367 1169
3132 1565
4109 1794
2058 3083
4651 2521
469 1503
477 2546
704 3689
981 1390
979 4856
3594 1738
543 107
802 685
4859 4155
4089 2835
2548 477
3600 1827
1012 2897
3891 948
2963 4600
3258 2180
906 4275
4588 4319
4712 2875
358 527
3290 1860
4664 1901
3226 4340
4249 2309
1876 2599
1285 1950
1391 3430
1986 1180
561 366
3930 3400
1073 368
2576 3299
2108 2516
2358 1690
306 4542
2861 3740
3982 3740
1225 1428
3836 4408
1258 1731
1977 4494
3569 4618
3998 115
1530 947
4488 87
2930 2314
553 2161
2880 4139
4349 4360
2726 4250
13 1357
2031 2851
1895 2149
2548 1804
3186 1777
2103 1667
57 3158
3788 4791
1602 3332
560 2079
3507 1192
1035 1776
3542 4183
2956 625
2840 3328
501 3484
1658 3459
1681 4508
2778 117
1563 3027
3438 1671
1059 3487
3867 4274
3955 576
4921 14
4099 3282
3522 2359
4977 4926
975 339
470 2348
2735 3922
829 4976
4035 682
1778 3070
4933 3675
3500 1877
3451 3630
4652 3345
1671 4031
4943 3913
110 2959
4152 1171
89 1379
903 750
3247 873
1812 4089
3754 560
3972 974
1849 1121
1351 4276
4687 4119
4708 4247
1348 1461
2865 2526
1850 3056
2892 712
2006 3495
1003 1622
4919 4801
4632 4829
4605 1988
4352 447
4670 3627
252 505
1912 4584
864 3481
2945 11
3206 3770
1395 4042
354 3258
3498 3525
2424 3719
4895 1915
1212 2225
4025 3962
1877 4799
3063 2280
380 3811
3470 1988
265 201
2937 3084
4510 4559
503 1261
2769 4144
2405 4796
1255 2761
2223 1328
2915 1113
3796 1430
351 54
4600 4298
4919 2664
662 625
2048 1575
4481 2919
3986 1492
866 2849
483 4201
1364 91
2853 3612
2929 1482
35 3285
815 2184
573 2975
3640 1752
4765 1741
3602 1351
470 642
3485 606
1726 1854
637 2892
4634 3834
3664 2049
3324 959
3545 3889
255 1818
3878 2929
4349 1476
3140 4947
2561 2119
3909 541
4641 2345
767 4522
4 1941
3448 1519
4511 2134
2700 3557
2162 3172
1558 2774
3006 2847
3822 1680
4653 2846
2475 4058
4191 494
1286 14
1843 38
2035 2573
96 2079
4924 877
1565 4139
4146 116
622 1841
3032 1701
607 3784
1594 864
4740 469
2030 128
1323 2328
3972 231
1711 4564
1762 3889
925 3398
2869 4827
2216 2859
1045 2956
691 2489
618 1939
484 4719
3641 1996
969 4574
4687 1054
678 425
1567 1683
2304 4409
2593 2024
4702 3977
1670 2865
3734 1094
56 4697
3531 4126
3419 257
4456 245
4925 3373
675 2274
3335 4208
2790 282
2406 785
864 3016
4912 1017
4208 71
3303 4028
4093 3572
3242 4951
2854 2586
4440 4388
2877 780
3719 667
2548 587
3968 1696
4975 2741
1648 2257
1724 2636
753 270
3422 3830
3515 1867
875 4292
1316 4597
3055 4688
1381 3711
3455 1815
1937 4817
2539 3647
1631 683
3936 4213
2456 2927
369 4828
1164 4376
2619 645
2447 440
1436 3348
2759 4081
276 1322
2611 3803
141 1179
1453 4284
516 1271
3083 2745
3865 4629
1986 2998
3474 2249
2415 4764
112 4721
4475 2741
3712 2952
946 4710
2123 4056
3740 4117
2100 2482
3564 1597
4973 1440
3784 3849
3625 4203
88 3051
542 1801
3631 2215
4718 4307
4750 3002
4369 457
3212 3839
2347 1356
1663 683
1191 1465
1499 1430
4105 1104
1467 4813
57 4521
3439 3731
2201 2179
1172 2741
2949 492
275 1861
912 4381
1541 3718
3620 422
4107 3008
4356 2276
1019 1523
2041 459
1914 1200
3524 4569
297 4785
221 3398
3247 4012
4416 3034
4728 255
3992 4717
1095 3701
883 91
4212 3491
221 690
2287 1483
1318 521
1565 4582
3533 4329
2517 1687
4049 4127
558 2277
3657 604
3742 82
1831 1652
1906 1094
2708 4022
2973 3018
2969 2646
2679 279
776 1679
2496 3977
3502 3336
2506 2101
2362 3789
858 1074
4832 639
4060 1732
4664 3576
500 2789
497 58
4682 4252
190 2878
2164 312
48 4423
2882 403
415 1356
2335 4749
439 821
427 1711
4667 946
4763 4583
1175 2830
4652 2500
1646 2512
3610 125
4753 3991
277 3971
2953 2621
2441 4576
4100 1555
702 2095
4070 810
1868 20
191 458
1809 2472
2132 3348
4108 2444
108 3164
1194 3794
1675 2545
4593 4478
4294 3617
1535 102
1487 2971
2605 839
4719 3431
2071 1294
1038 4355
4538 3693
1049 1127
2544 1395
3665 2336
2817 892
2876 4546
2176 2672
4076 3585
4721 4145
3188 4935
3387 2588
1971 3802
2000 3284
3816 2187
2681 4457
144 3111
3539 1700
4968 3408
2936 1931
4715 151
613 332
1516 679
2699 2312
604 1719
968 2009
827 1534
1548 4776
1544 276
2590 66
4909 1824
1675 1958
4957 1341
4415 129
1432 1156
1917 363
2503 504
1574 1282
1123 1541
2172 3883
4658 2761
3354 1308
2499 273
3088 2326
2280 3994
4820 4875
119 377
193 2234
2789 2688
4008 2059
1189 382
4935 188
4163 3109
735 3558
2573 2745
4775 4795
1233 3100
5000 340
4098 1374
1286 42
4934 2678
1082 3022
4734 2537
2218 3720
4157 2468
3330 4224
954 2415
4164 3038
1476 1655
4479 2482
4044 2482
2199 932
4377 3187
3916 3340
4911 1306
946 3837
429 4467
1013 889
3757 1143
1473 558
1151 1837
3121 3119
460 4814
4397 3497
776 3704
2631 4637
2376 3363
3484 4160
2327 4277
4970 2990
1148 322
114 2782
260 1662
274 1239
3068 4209
2572 3402
4179 304
2892 1261
1130 4202
4474 4411
1693 635
1825 3895
3657 4130
1467 1470
843 4586
1730 851
2327 4848
4175 1199
3473 4526
2842 2430
4531 403
4988 20
1218 828
473 2597
1458 1695
4841 2034
1601 224
3878 4585
2330 1192
3907 610
106 3941
196 4363
3472 808
4635 3967
946 4099
2719 1648
448 4541
2663 4131
4478 1982
4916 1998
2141 839
3030 515
1331 4732
3858 3313
4809 2888
407 4819
4842 1046
4386 2363
872 981
4192 3307
2756 1842
4897 2808
274 4788
2322 1608
487 693
3101 4555
2367 1249
240 704
3500 3704
4134 1061
4917 3569
2509 4822
312 1252
4521 402
1982 1785
4117 380
1904 1539
2655 1028
756 4550
28 432
4307 285
450 1293
2736 1841
4794 1802
2461 308
1642 159
4439 3240
4789 331
2769 425
4713 132
840 4313
4307 3158
2907 3628
3995 4112
3930 986
4836 2531
3056 3210
4814 3888
643 2927
1826 893
4168 2297
1363 193
2588 367
3776 4219
1484 2162
2630 2865
1386 666
3138 2684
4708 871
1534 3979
1636 4381
2360 4379
3764 2221
1602 2283
3294 2629
2492 745
4799 509
4417 755
3357 896
406 3234
1993 4387
1374 791
2526 4147
266 1880
3498 1380
1809 879
140 4596
3647 571
3959 4176
1389 2267
3352 699
4135 3180
94 2923
3746 2787
4388 1630
317 755
244 3656
2078 3775
3097 2937
1929 1589
2793 2798
2627 296
1232 1099
4477 2377
807 430
3918 4135
228 1846
190 3862
2739 2669
1356 1203
571 4372
597 4174
2740 1293
2903 218
81 2371
1557 1282
4802 380
3366 3559
1045 3946
17 3565
3494 3001
3550 3380
1719 3
664 2245
2920 3479
4642 1328
645 1874
65 1606
3754 4296
2850 2483
1272 2156
3946 3029
4803 2786
3248 1870
392 841
4060 3247
1186 545
4941 1848
2902 4908
3840 2987
1896 3726
4803 1616
2836 4629
18 4479
550 3332
3370 1761
2214 2029
1580 3560
3395 4993
3983 2560
3536 668
2425 128
457 1093
965 4393
3636 1894
732 2692
2015 1647
1633 710
1919 594
1474 2116
1552 2097
103 897
1224 4597
4547 3326
982 1042
983 1956
1698 3548
287 361
4142 3019
748 86
1511 1900
178 1954
1183 2152
3985 3510
4262 3017
2751 10
1578 3340
1295 3
771 4233
2216 3364
1563 4225
2950 2154
366 4102
1701 3271
4067 1135
3384 362
4048 3998
2705 3149
2962 3375
638 1179
3721 2950
1465 734
585 4200
3674 2200
139 3845
3288 3336
67 4408
3573 2257
402 1265
4120 3215
1385 4341
2258 1917
1786 4058
264 537
581 972
3321 4665
3308 3500
1915 454
3667 561
2813 4556
1728 2841
524 4645
2433 1845
348 4403
4982 2833
3976 4262
3553 2397
3362 4715
2403 3992
3867 2058
3275 3592
4887 2822
41 4530
1830 1508
843 4682
80 808
3669 3553
3335 2269
2231 4423
4718 2657
3014 2161
3323 4236
3132 2221
1313 3386
1444 4320
1726 1955
3325 4966
3690 2122
2964 2402
2972 2511
4540 4400
2432 1411
189 3527
4594 53
1560 4231
2415 3161
3308 2965
2880 1805
3407 2293
4044 4147
3495 2974
1231 3594
2610 2567
723 4832
4615 2599
1244 4497
2675 2729
3699 3954
4379 20
4814 402
2730 1658
1873 1439
1280 2938
3198 4896
3332 2053
1087 3611
3297 1701
2034 2639
640 4940
4936 3689
1363 13
2227 1028
1969 4513
3569 1665
3021 898
2616 36
1125 2200
2523 4571
1054 3747
3068 1496
779 3085
1618 3315
977 900
85 2659
941 2402
760 2062
4729 3511
911 3575
1268 4093
3252 4767
2901 1030
543 52
2982 3327
1736 4405
2440 4839
4024 4865
894 2181
4886 2151
2162 1120
1417 2223
3100 4480
3825 4195
4308 1937
4567 524
3833 1782
550 2230
1136 406
1706 2506
2107 2573
4341 986
2720 3478
2305 3129
2121 3977
1911 4455
1625 2420
3530 3223
2243 2188
780 13
4016 2556
359 3881
290 1528
4574 3157
4343 1130
2987 2639
4545 4842
4787 2631
136 4244
2619 2600
1431 3615
4554 2650
3157 1617
3575 434
2124 4718
3589 4210
2537 4147
4804 592
497 998
2138 4432
3223 2545
2025 3113
4034 1647
2569 3535
3017 2429
184 3891
4046 3326
4765 490
172 4951
3046 1601
1203 3822
3154 3181
1279 3889
3004 3672
496 4855
4804 845
2148 4801
904 3568
3848 2103
3638 2705
2614 3178
2220 1545
1508 838
1442 1604
1344 2592
2422 4405
37 3289
317 3816
2581 1639
4310 2336
340 480
1472 406
2222 159
3416 1988
1219 2534
2652 1706
3402 4559
900 4411
1574 1672
2276 308
430 2100
971 2893
368 247
4121 1308
2048 328
1938 2864
228 1415
3478 4574
3135 3559
4977 895
1349 259
249 3641
1330 125
2922 4527
2762 32
4780 2315
271 1243
4181 4929
4262 1416
713 1515
3677 4990
606 1579
4647 2196
2594 927
4401 3269
4416 4953
550 3304
4910 4049
3817 3941
2481 4578
4297 1293
2642 2826
2766 4610
1850 3042
3450 2594
3539 4949
3495 4223
4568 2060
4839 1853
3130 1061
4644 3703
2984 3239
181 1519
331 3069
3766 3180
3197 1153
1157 4088
4885 3089
1345 3015
304 3359
4040 3265
1323 845
4424 4618
2663 2952
2317 1672
4750 4469
2158 3930
2423 1762
1945 3152
326 1796
165 2538
860 205
488 4704
1983 3643
587 1345
3450 4286
1063 1238
3498 1201
1335 451
249 1961
2944 3746
2351 934
1770 3920
3311 3887
2764 4022
2244 3944
2690 3334
3162 2242
2451 4787
4716 1280
3751 488
2421 179
37 4374
4751 625
2293 1442
33 2086
4875 2702
4759 2060
2897 1055
3085 3550
2033 2930
163 1534
1363 3380
4462 3781
824 910
598 3579
4546 764
3578 4314
1893 4221
1410 4618
1305 4246
4822 4136
2893 2806
1466 3980
80 596
2374 770
1240 2383
639 1239
3736 4623
543 3393
2201 772
296 111
3453 3405
2138 3359
4524 3221
3244 2440
3699 599
1613 4402
2754 2439
2939 3577
2190 2736
4468 3466
4097 4106
1179 4614
4744 3
3334 1122
913 3516
4227 1719
1946 2829
966 1859
3798 701
3370 4056
4704 874
2522 593
3205 1644
1267 326
2799 1834
1816 4277
7 3949
4702 1821
4266 2203
27 1742
601 2168
839 2446
3142 3419
3962 4851
605 4331
716 2082
4910 2052
126 4777
3731 3615
906 3242
3044 4548
3615 3014
2519 1966
4028 1106
204 1060
3544 2425
2313 572
935 2315
3154 4247
4954 251
2321 788
146 2397
339 1603
1648 1595
2759 1266
2676 4466
4726 3892
3842 2065
1694 1884
3065 1020
1400 10
3438 1478
4009 2390
2697 3744
600 1114
3690 567
4750 3493
2449 1505
3314 4117
20 1730
4056 3471
4588 1507
213 2113
1644 3686
4851 4396
2864 2157
4550 1870
3353 1910
1382 224
4123 4983
2329 2791
3610 1532
4557 798
1312 872
32 2247
4676 80
2526 4782
1063 3043
2935 3036
2849 1155
1265 3796
1395 2867
703 4129
439 1356
4542 4253
4887 1509
2310 2477
2001 34
1236 2396
2193 4573
3167 172
1790 984
3084 4403
1321 4576
1787 3781
688 1038
4072 3049
2829 712
1423 2321
592 2145
4037 670
1355 770
304 4592
4704 3692
2979 445
3158 4432
4898 88
4213 1535
2042 3402
1454 1258
2517 3805
609 1273
1586 4686
3411 3182
2459 64
4313 2367
135 2353
969 4522
1221 3345
2688 90
97 3048
3189 2629
1926 2498
4219 2878
4858 4577
646 905
4098 3143
3260 3585
3400 4443
2883 4353
1186 2861
3491 1199
2638 220
4186 327
2585 4401
2319 4845
2294 4586
2590 4382
4179 2143
4739 701
141 2875
1205 3700
1015 2721
463 1902
614 455
1937 3082
1968 2029
446 3740
85 1953
3104 2170
2551 4820
1335 2151
4728 3294
4783 4320
1084 519
1880 1662
3065 2249
2613 3205
2842 1896
4613 4893
4833 927
1483 2393
4130 3506
2598 2161
1012 2223
4635 2296
2779 2750
407 224
2604 287
630 1722
2959 37
1904 3269
4923 1508
2664 2234
4980 1077
4333 4149
2095 1972
1850 1686
3399 115
2460 4088
4494 1764
710 3928
4741 701
3914 106
1062 1166
1120 1428
1844 2045
3368 35
2347 4683
4172 4183
3570 3847
1563 4401
4104 4784
2639 1892
1580 1025
3617 2963
4673 1826
703 3991
2056 3872
4747 958
2201 2383
995 1946
4208 843
354 1204
234 3118
4196 3277
2935 4928
3082 2945
2945 4796
1889 3175
4755 3660
3384 1951
4086 1791
1759 3055
90 2718
866 884
4260 3482
2254 1205
4953 3527
2977 4782
967 2700
137 682
3152 3318
3891 3708
4645 4480
2035 2212
3617 3240
359 3912
2096 4017
4851 1331
1152 2541
2251 827
337 3862
2829 468
2396 911
3805 4831
4059 4948
1019 15
3053 4904
3832 4884
1069 2274
3090 3911
1518 718
3743 2611
420 3433
1914 1917
383 319
4176 1797
2532 1590
1716 1765
4167 2364
1302 3356
4783 1596
2429 333
2351 2849
2154 4128
2588 1565
2650 1315
2814 3999
3713 4751
3333 1931
3139 535
588 4093
1840 3336
737 980
4674 4637
222 1151
3414 4485
827 3518
1318 771
2986 3147
3746 2789
2217 4796
1626 1617
3531 3396
4931 4893
1209 2386
725 2865
332 4114
1990 3799
2936 546
2991 1936
4420 1266
2396 4749
581 890
2369 153
2920 3016
480 1203
1733 3163
1175 370
2483 284
3456 2694
4157 2650
3191 2303
409 2247
2075 4594
1125 2804
2237 2407
855 1562
3341 3202
4700 1548
2098 603
2405 4505
2485 4152
611 1025
3166 2362
441 2127
1754 1475
2741 3545
4835 4306
3099 4430
1961 2825
180 4342
3092 3584
4768 2668
4392 568
2242 215
1538 1386
3906 1030
2224 4911
4874 312
332 3778
4846 3099
3278 4401
4353 2449
4894 4083
1974 518
2991 596
3377 1827
2433 1242
926 271
4437 4949
1671 3951
392 1686
644 2648
1038 1909
1654 2403
190 2758
641 3529
2853 3542
264 2970
2224 3771
2400 1383
1850 3603
3656 828
1136 1472
4493 1621
487 2973
116 4187
279 2465
4127 716
4414 3416
1185 3390
1887 4104
1254 4304
2717 3539
1346 4836
3528 681
2338 1180
1036 2695
3341 4837
761 1989
3043 2292
2425 106
3005 1914
357 2281
122 1566
1536 3865
1339 2634
2621 2209
4572 4487
2810 1948
3966 3840
1526 2925
3515 3126
752 2812
1264 4653
4763 3816
1086 52
4629 4058
2047 1645
1415 2342
1787 360
1470 4293
152 2332
539 909
1001 1608
4202 923
2669 527
1195 1904
1228 2745
1058 480
520 1049
2585 61
4233 4004
2735 3063
2830 4690
4409 4479
2609 112
4141 3724
1613 663
2844 2840
3377 1614
2462 2099
2499 718
4886 4265
314 3605
2757 1015
804 4037
2400 4106
425 2903
3627 920
621 943
1613 2728
888 1963
2958 2478
785 4208
866 3660
741 744
76 3611
2318 3341
2371 3013
2620 4214
3236 4600
2933 1664
3830 3981
2122 1086
4716 2102
1560 4266
1892 2282
357 117
2306 270
3643 252
2629 1269
3582 638
3528 4036
1396 1868
4302 3870
13 149
3317 1204
3314 1908
1392 866
1081 1270
717 570
1685 78
11 3263
613 1343
2266 1690
4717 2386
4898 4864
2287 3816
3232 3751
2166 1042
861 3941
1071 981
2911 161
3609 4646
1361 4767
3721 439
352 4077
254 876
3212 910
1258 4526
4429 1984
2233 1414
2430 1567
357 1784
2967 423
241 978
4068 3932
2678 500
4253 4642
2783 2710
147 3556
4986 894
4179 2633
2913 4392
979 1225
1311 1357
934 4514
4413 3884
76 725
698 2615
3220 2534
648 2807
3399 4522
1980 4551
813 922
2970 4814
1926 3608
3851 218
4917 695
1745 1441
2631 584
3664 186
4400 3157
983 2036
3605 4119
3599 589
1489 2196
4535 2185
4672 476
1575 1896
4392 367
2059 1709
4832 2325
423 1465
1326 2775
1389 4683
597 1918
3779 2365
1927 2286
2150 4249
1636 2360
4436 1067
3235 1285
5000 1572
3644 1601
1646 2353
3349 1423
1042 3115
318 4442
3437 1292
646 2629
1310 2678
4898 3726
1778 3429
3948 4214
3606 2055
3670 4999
1568 1893
864 3521
1134 724
1962 3792
130 1459
713 1769
4984 120
2139 3500
238 1359
2794 2836
3959 2400
1407 1450
1915 2148
4630 1936
265 3637
727 3724
2405 1010
1495 2025
4754 773
3139 2397
4977 1199
4315 4728
503 2930
4824 1710
2963 706
1703 1945
3824 3028
2598 2758
3968 4601
3744 1527
2800 4023
1729 387
1832 4726
1691 2622
3003 1491
912 535
1366 177
2227 2301
1182 1617
2926 2347
3392 2318
2372 2817
4962 3822
2001 2507
3850 3277
2053 460
3173 3082
3378 3687
3689 1654
2778 2940
5 4168
3038 2354
934 95
2984 358
816 4018
3253 4268
1596 1912
2707 1894
139 2118
1419 780
1858 952
3244 4219
1292 1761
3992 2839
2432 3699
2533 1649
1354 422
4131 4110
663 1604
1502 332
4026 623
4526 600
2521 2547
4245 368
4945 3825
3634 2894
923 2013
3331 4401
461 217
3099 1958
4167 3712
4815 4209
3498 2981
1149 2973
2743 2605
4233 4008
2361 172
1202 4936
3032 3188
2865 615
3304 4467
310 3619
1760 2381
1969 4185
757 3650
3981 4135
1963 2287
2561 3536
1738 1503
3450 3994
673 3053
1644 3681
4390 1941
2610 1417
2072 2322
509 4218
665 1405
3384 2095
3371 2156
1175 2219
4537 3823
4282 3479
1052 4700
3502 2587
165 4703
2503 86
2623 3506
4099 544
1497 201
1093 4754
4062 2973
3234 4853
1858 3147
1702 4918
396 377
3125 1692
600 4348
2382 2993
4732 2877
1800 3335
932 157
1783 4575
1850 2084
2033 2266
4331 2233
1707 2973
1149 4517
4930 2711
2138 3906
2041 4130
1336 2821
3169 99
289 4790
1935 3049
4574 1257
1335 3106
3973 1726
2413 3437
2829 3086
9 2363
3642 794
2819 1075
154 3154
2780 1223
3830 843
307 888
3469 1138
4301 4633
2159 1717
2499 623
2456 1063
4607 49
3959 249
1044 3211
626 2968
2385 374
353 612
1607 1086
4428 3429
888 2449
2207 2467
110 48
3727 2102
649 2611
2587 3439
4824 414
4242 918
2579 321
808 1466
1159 4596
4458 523
115 1466
1994 350
2147 3389
3788 2728
600 4133
3895 2873
2792 1005
3085 4174
1300 3945
3801 436
2027 2249
1204 1235
1464 4976
807 26
916 4770
2674 4195
4245 870
4917 1132
2270 1048
483 653
2030 2451
3717 3753
2449 4441
2877 4970
123 2194
4258 2511
4597 2547
981 3168
1593 3476
1889 32
4434 245
598 3240
1379 722
2040 4007
2348 1683
258 4145
966 249
1337 4177
4428 2450
978 3721
2609 3688
1285 4117
4078 2124
3613 1520
2900 4020
2650 4264
614 1412
3171 3881
2167 1457
4113 2564
1571 2336
1956 3427
4992 3857
840 4398
2661 838
2894 4005
4119 4271
2753 4353
324 4236
2502 2346
2553 3509
1019 4638
4663 2728
4952 3933
1196 1651
200 3910
4298 196
4 4571
3774 2613
863 813
1845 1109
2920 1411
500 676
2079 3315
907 507
3787 4177
1795 4520
3870 4169
1885 3239
340 2580
4732 705
487 1770
980 1297
2691 1625
508 1639
2562 3042
2918 418
788 2532
2513 3637
4695 440
4779 1712
1514 3487
2539 2869
74 4271
2594 4269
328 3206
3910 4996
3135 2134
2660 3173
3994 4955
4391 1128
4424 3725
477 667
2020 3492
1874 4002
546 546
2264 3319
4161 3097
3883 2698
3795 2552
4157 3953
4831 4581
2418 986
715 2608
260 190
1262 4534
3948 3097
1211 3839
777 589
4034 4417
1539 3086
2252 3468
4928 3997
3880 1304
377 1763
2914 1691
1473 759
232 418
136 4179
609 13
2475 4171
325 3777
4358 1376
4241 402
3953 166
1965 988
1117 3734
2532 3576
3587 1507
2464 535
388 546
4758 111
3232 4066
466 1410
4053 802
2593 4372
524 558
1915 1582
552 4268
459 2418
4152 931
2707 2941
1772 1520
2424 1446
3222 949
182 1457
4514 87
48 102
1542 4220
4740 3730
3346 1264
3792 2918
4956 2665
2853 3853
1850 863
4041 2522
3264 1219
4392 2973
160 3120
2202 3367
2319 2979
57 2763
4217 59
3936 3417
4105 3630
4638 4474
347 4387
4871 3224
3115 1848
1313 3867
4141 1038
1279 1602
859 942
4869 3676
3724 3404
1228 3285
4071 2113
1270 1757
1134 3788
2506 2128
3409 4881
4523 3534
1634 1193
341 3204
2381 181
1475 366
2714 2103
3785 1526
1679 2990
461 1391
4334 1311
2092 2844
3961 1423
111 79
105 4087
1079 4879
3910 4920
3179 3962
1922 3273
3745 1679
4484 1152
717 1757
1067 2530
3311 4757
3579 4587
423 1745
2329 2161
4859 3990
4735 1797
2752 1790
1667 1351
4113 1508
4354 3670
2440 4395
1580 4431
443 4634
3602 3951
2319 4045
2841 1435
4903 382
4328 3411
2929 2652
4958 4559
1032 4891
3424 3603
4891 3316
1571 3893
980 3080
816 560
3827 4279
3105 825
105 2341
3079 1888
1838 1099
1736 4448
2710 4312
3318 4946
526 1350
4445 2387
1474 821
3860 4669
2969 4970
3131 1343
3257 4767
2142 2141
1318 215
1664 1465
1617 4681
4657 4017
2536 33
3459 4192
1175 2658
2742 703
4035 773
464 2259
400 2399
435 4772
3522 1453
1149 932
3718 3512
1165 153
181 4752
3509 4415
2860 3032
3652 2313
2184 527
4728 4851
4711 726
470 83
1877 4991
3632 1022
938 307
538 2562
1476 4772
1890 532
1498 2338
4752 3586
3173 4945
1613 3430
114 2963
2997 3452
4627 3494
3884 1464
1365 4983
2382 1789
2618 4568
2040 2483
2804 2246
132 4878
3942 1666
2269 3832
2637 2652
1133 600
1100 3298
698 4331
2592 1017
3414 4647
1689 4034
1397 2407
806 3710
4627 780
1165 3333
1577 2389
1201 1091
2909 2091
1831 1635
387 2701
516 1451
1760 1743
2908 4543
4854 1910
653 3478
4288 1923
3313 2639
380 3370
1274 3666
41 4936
2894 126
2430 4318
1521 4741
4013 1757
1419 1648
4961 2716
677 3694
1129 1187
2846 1579
1035 965
3068 691
1242 3795
504 585
291 3064
3319 1781
633 4807
782 3377
3627 2134
1960 2039
4890 2397
2434 4877
1159 1300
2211 3786
219 433
4639 4344
4938 958
64 1377
4507 1976
3493 3945
1233 2446
1035 3154
110 30
2157 4820
2518 3352
1667 1734
3177 297
162 1237
3513 4596
1189 1251
2671 4306
2539 4323
3202 2859
2834 2584
3707 3245
41 2477
1193 2970
66 4281
1009 4410
822 3436
3776 1150
2271 1724
4864 3619
1390 4368
4577 4333
333 3278
2573 4642
4638 3566
4828 797
4600 2916
2476 2335
1626 108
3850 824
1312 3570
4743 189
3139 2344
790 2860
1255 94
143 1996
4569 3774
1186 847
4546 1454
4447 4584
177 3019
1372 2393
3767 3603
3204 1312
2611 4200
4300 3592
2059 304
642 4761
451 2896
4406 2983
1950 618
3236 3671
3681 3787
2011 4023
1353 3635
1705 2379
269 3362
2332 2855
915 2013
696 1421
1887 2626
498 3263
1549 1296
258 2130
2469 65
4267 2627
1696 4734
3783 326
274 836
4291 2917
2673 755
3171 4032
848 4698
4369 3563
1459 791
1042 3139
1755 3230
2407 1908
1836 959
2547 2658
2128 3333
4405 171
1139 1182
4646 2158
2580 760
4005 403
1513 1006
4680 332
1853 2219
1341 374
1301 1989
2831 793
1214 2363
4729 52
928 4719
3200 39
3458 2443
4211 4822
238 689
4743 752
957 2184
1857 499
2644 836
3131 3723
2581 709
189 2906
165 361
2243 1710
3453 656
2960 4623
4808 1617
3174 3224
3522 1535
2720 1370
2969 2524
3000 4842
4639 2745
1409 55
1242 4902
4076 4681
4399 3446
4040 1960
3310 3842
2058 762
2428 4557
2255 878
4185 4785
4004 3471
1237 3133
3872 234
1013 1470
2245 4141
479 2941
4486 4815
2768 418
2969 4836
4587 2431
4568 1029
2304 577
4427 4584
1537 392
795 763
3724 4154
3070 866
160 1688
3310 3804
4285 776
237 2281
3389 175
3876 620
4178 1966
801 2187
2186 4460
1289 3321
2034 848
1867 627
4186 1584
2628 4512
3100 4855
1827 819
3775 3652
1485 4551
1527 3321
1816 4107
3504 1647
658 3073
4597 4573
4289 1609
4354 4542
78 1877
4276 3108
3222 4512
1287 707
2681 3898
1550 3124
4653 763
4530 3195
4428 535
1998 3919
4632 645
3718 2172
697 1854
681 2475
934 3351
804 4061
3581 1683
4226 2694
201 4769
281 4352
3500 3940
3156 2600
2925 4732
110 2533
3784 3533
3397 4886
3668 1065
1070 357
122 3976
2729 2228
2713 409
2798 3887
1112 1205
2956 4260
420 4752
4123 3106
4454 1908
1932 4824
893 4141
1799 1734
613 2684
4518 646
4971 3449
1891 3401
3258 3758
3545 1165
2763 4835
1405 4567
2997 4264
3898 697
940 878
2360 3329
3368 1302
4990 597
2760 1306
3770 2265
2882 3035
1167 4269
1231 552
467 1352
2024 1314
2969 434
4560 3318
4149 2407
3888 3195
4331 1004
3932 1400
3265 966
4340 3072
3535 3314
2191 1570
1310 3929
3346 836
4484 2911
2489 1598
464 976
1830 3697
1282 1014
3147 2992
2429 1421
538 4805
317 3546
2697 4277
774 1247
3278 803
1429 3627
1429 84
4051 2186
1910 4489
649 3272
3091 1039
2968 4928
1719 4914
2497 1178
3701 3869
3174 1159
2674 4335
3381 2782
4649 1663
4698 349
1293 1574
3169 4092
2640 1019
1417 1717
1448 965
2780 3089
4605 2084
4173 4820
3402 4362
2411 3813
365 3176
1538 1362
576 207
3565 35
2869 2015
3583 595
467 2353
2943 3849
2990 3604
3547 2537
3496 4443
2340 64
1574 1967
1039 2728
408 3536
3239 1173
4639 1977
2755 4460
2298 1682
2345 4352
1669 3369
2876 2357
4860 3446
1643 4316
873 523
3896 4297
934 533
2943 4940
834 3417
986 75
823 3031
720 4349
1033 3240
2591 3544
3247 2528
1312 1563
2887 2043
1997 1346
2048 3698
2353 1434
2801 4364
3213 3059
2186 4831
1539 4933
1182 4639
4849 3337
3253 2826
1849 893
239 58
4301 4921
4746 479
3829 2585
3591 388
2183 3750
2701 2808
2853 98
2175 1324
1372 3678
1531 1977
2045 2391
1839 961
3783 2660
3104 1271
2717 28
2814 807
834 2176
3061 345
2613 3445
4583 433
3611 3881
3011 1565
1301 2561
277 3077
3227 4778
4560 665
4582 3759
316 3619
3763 3909
2457 1249
4127 3459
3695 4421
1466 4829
466 2610
4826 2785
675 3216
2146 2452
1254 4434
2287 4286
3912 2254
4162 2698
781 3479
698 2757
1544 1482
578 4866
2131 2173
3666 767
2727 1411
4152 3119
3629 2966
1368 406
4034 4035
455 644
3081 3889
598 3789
939 1991
4879 593
266 2537
2998 4943
1220 3569
3717 3702
4739 2172
4145 4518
4924 4027
4810 3753
2894 3541
1485 339
3585 4957
1559 165
1514 2990
987 3904
2126 4907
900 1272
4296 3671
870 2481
595 3959
2016 3081
2003 1659
1147 229
113 2808
4603 3117
1138 2078
2527 1277
3729 1877
1524 3513
2056 1743
3803 3543
2875 399
3016 1035
4665 4221
1610 3791
1423 1815
722 4366
4019 2487
947 757
3781 4214
3372 4423
1310 609
923 1888
3297 2681
4827 2816
4115 2769
1522 3371
1021 3392
1986 2099
371 889
3440 4770
1148 2353
1881 681
3251 2713
638 782
4023 2892
1428 3776
1093 354
4793 2369
4419 732
2832 358
878 2478
1445 1524
3019 2842
4098 1444
979 1660
1872 4350
4187 4947
2177 522
3640 3549
185 4647
3942 1676
796 3399
1588 4791
252 2831
2384 3648
2157 1750
1240 1572
2974 1792
2969 45
122 722
3643 827
1136 2693
3637 2300
4361 1500
3462 3256
3621 200
4603 4700
513 2334
3477 2073
1590 4895
3850 2814
1943 4789
2766 3614
4460 1974
2899 3833
4356 4731
616 1539
4118 479
4287 1315
3557 3423
4485 487
3051 3644
3956 1218
415 4242
1202 4853
2611 1463
4286 273
1309 2831
2003 3621
2035 2
1465 309
3048 2558
3341 416
517 3077
3291 3048
2976 3131
2539 2154
4592 3675
4256 4153
1870 4361
4520 192
4626 2024
2064 2959
306 129
1132 757
1800 4631
3213 4406
4208 2234
1604 3264
2572 3617
1251 4289
4148 3389
4038 4839
4497 3791
2085 3575
3671 3336
1275 3711
1731 2808
2481 1235
2034 2059
1951 3664
3825 470
1082 2837
2135 1352
594 1076
1618 771
1550 2210
4293 854
1158 4490
558 4022
3248 4017
3567 3881
2590 1708
360 1789
3521 3730
636 1008
4501 3084
3669 4198
3120 2704
4931 2403
3355 2103
4856 1908
4802 4040
391 1058
4612 644
2018 1977
2898 4127
1701 4902
4627 3749
4582 1343
635 1247
4457 2695
1756 3608
1795 4828
2071 315
2679 2859
3592 279
3252 3360
4358 702
4712 4677
514 4968
1990 4888
3478 3313
3643 4475
2717 4575
4979 3407
4435 2683
1586 4730
3131 345
3874 3801
2013 517
4836 1642
2526 4705
4637 4808
1480 891
2188 3900
4509 4713
231 2884
2455 2086
4670 4677
3249 492
1515 4176
4044 1007
3519 598
2402 2232
1731 4349
2583 2027
3006 102
531 2505
3466 668
559 2211
3343 4088
1494 4957
3259 4849
832 947
4984 2207
2169 1708
2951 415
2922 1029
1353 1093
2028 3965
4593 2928
2789 4401
3044 689
2992 2549
815 4436
1068 4737
4118 733
299 4230
1210 1589
3876 4480
2827 1834
4955 3105
3112 95
3161 4341
3532 4267
3309 2754
4872 2215
4329 270
3967 4529
1096 593
3657 1971
978 4552
2157 2359
770 2403
2941 1807
3655 3311
2127 4415
4929 2278
694 3767
1896 3487
4901 454
2684 591
432 4606
4584 3798
947 2210
2926 2446
1598 3251
1715 1233
4670 1008
3812 237
4830 2122
3101 2104
1244 518
3281 2621
600 3609
713 26
1405 2831
1773 4840
3112 4494
1334 1233
1740 3769
2846 4313
1006 4365
2639 1524
3431 1031
3001 4011
2892 1118
2078 2047
1461 2619
4988 1760
995 229
4499 1018
1861 2926
1650 753
976 3552
4584 3334
3784 2966
3864 2271
257 596
3899 3780
4663 867
2974 4130
3299 217
4479 1670
18 2689
809 3241
4090 3313
3970 2320
1470 4375
4689 3674
3572 572
1802 1228
2698 537
4176 1899
2683 1764
563 1960
2282 4202
1375 470
4752 3786
327 1386
514 4556
3057 3505
855 708
2822 4103
4599 1690
4967 3506
3446 428
536 1431
2585 2153
4403 2094
3553 3628
2690 2169
2351 3319
1232 1328
1169 1978
818 4874
1699 2032
699 4721
1656 1201
196 3325
3256 833
3974 4100
551 2129
565 592
4924 1760
3068 4068
1799 835
433 1913
4137 1852
181 3265
770 3332
519 1109
2311 476
4609 3634
4065 333
2637 2636
3495 3893
2048 3295
2908 2742
1522 323
1483 136
867 2543
1280 1550
2098 878
2992 4784
3942 83
744 1723
828 1136
3080 2450
1737 4201
4092 4309
2781 1126
2884 2274
596 2175
4762 4883
4332 1327
2099 3127
1727 923
2468 1512
3636 1910
1495 3300
506 3029
4820 2351
4938 1330
3440 2419
4618 2406
4685 2527
4828 3661
2920 1506
3938 3017
3436 1283
3372 3895
430 4940
4864 837
4999 4346
2167 3671
956 278
3311 4969
2965 1262
1748 1994
1598 433
4045 4095
3764 2772
4133 3693
4158 1642
2997 32
1387 4079
2995 2864
1924 2627
2478 1910
3272 693
121 2021
853 1196
4204 2742
3704 4322
251 1255
4162 3102
3556 2451
3531 3092
4958 4195
1395 1443
1230 1869
2378 251
4250 1036
2688 4034
1583 1036
172 4075
4454 4884
1891 4993
2361 1619
4972 2265
138 3242
1788 60
2722 3241
366 136
730 4410
2287 2942
827 1787
1789 3982
3377 1515
4964 4280
1740 215
1003 3386
2395 767
4746 1713
4697 93
1314 4954
4255 1155
4057 4426
3037 308
708 1482
198 4434
1295 880
2256 2892
210 2615
901 3892
3750 3975
451 4819
3796 745
345 847
4579 1143
592 1509
1364 4559
1950 3085
528 2275
2277 4847
3358 4290
3524 1940
2982 2693
1325 1113
2445 3952
1835 4200
3859 4038
4564 1815
1062 2716
2590 4295
4516 1696
1979 203
1774 223
2070 2582
2701 1855
4368 4078
2848 1291
3417 4311
1045 2338
4791 96
4490 4560
3817 3813
2013 3715
4170 235
2256 3606
2005 2748
776 4248
2056 4879
590 136
2421 633
3694 2698
4985 4322
2803 4712
1624 1608
4087 508
3880 3549
4653 61
2295 1591
543 1194
2868 3372
1070 3471
1638 1278
1418 2144
221 192
2792 4531
1702 4336
3442 1107
787 1181
1801 2617
4777 2075
3478 1934
3787 1430
1652 1076
1809 22
2156 4804
3000 3928
1095 3956
1959 3352
1147 446
91 4176
74 4189
187 3636
1685 345
1319 3223
4298 214
992 1231
3040 2324
4323 1723
1029 4861
3732 2648
1229 1438
3003 4851
703 1007
975 4499
2954 2205
211 667
3694 525
490 419
4164 3547
4255 1116
3478 2646
2835 4500
2275 2375
410 1016
872 1977
3966 4424
3715 2641
1848 3086
729 2869
3902 4220
1006 2628
4848 1935
2767 1455
3141 3867
4758 1251
3043 4159
3171 3885
2452 4189
3352 662
3314 459
4028 4524
4337 2787
1252 4251
4107 4471
3426 2382
934 3406
3688 1589
3047 2784
4325 1184
1759 3958
3159 2957
1574 2158
2073 4434
2471 512
2632 617
2660 4565
4045 1032
3251 4968
302 540
4059 4728
2549 4889
3699 4554
1974 1949
195 3803
1132 4668
4406 2074
1483 61
3823 832
1881 3089
4494 187
510 2405
2531 650
339 4009
4349 717
4366 509
1690 4881
4110 2172
3486 3392
4881 447
3528 91
1006 1456
2067 3133
4077 610
2690 1976
2936 2938
4384 3960
1691 2324
4203 262
3612 3801
4916 2825
1452 2368
881 875
3212 4800
1328 2999
847 4813
2495 3600
3123 3298
3808 974
4422 1127
3775 2273
3846 1837
2795 3016
3009 3584
1416 29
3563 3616
4548 3563
4176 4681
1124 816
4168 1673
1676 2579
4717 1935
3977 1355
2593 4826
1744 890
260 1058
3939 4854
1296 480
4285 360
1972 2765
2722 1499
2670 3990
1056 1812
2115 4314
270 3435
12 2548
3278 4588
2901 855
4551 4502
832 2318
4627 2169
4779 1139
3131 3457
3047 687
938 1296
350 2614
2360 2512
30 3240
474 4765
3806 2506
1819 3401
4435 408
4316 1368
701 4614
798 1238
4848 1561
3190 39
2899 4092
3531 3070
3476 2043
4066 1517
3089 3897
2586 1929
430 614
2870 666
1658 3977
4491 3057
1011 3097
3672 3583
1520 97
3283 2987
4738 1205
4522 2195
4028 2259
238 1249
3399 3502
2504 564
4622 90
125 101
3581 4313
4974 1923
1529 3015
3792 4173
2013 786
2057 57
4244 3
2303 4790
3387 4991
2845 4688
4096 2826
4912 3367
855 4005
1925 4525
3229 363
4167 2632
4359 3313
2400 1110
4509 1495
2505 2618
4537 399
4034 4077
91 1805
2350 4252
2975 4545
2784 657
1620 4389
4740 2413
3262 290
3981 38
1713 4879
3526 3231
4282 2797
3710 3209
3371 3421
32 1925
1468 2972
845 2693
2764 982
4805 3347
1492 3168
2712 3595
1969 929
4797 4806
2760 1058
4324 2449
623 3631
718 3476
3927 2112
2927 2025
4694 2802
4489 504
533 1010
542 1480
4099 1877
4566 733
3611 2644
1687 4865
2994 2218
1409 481
241 4415
1668 3614
4855 115
3064 3276
2982 1846
3017 3423
3721 992
2045 4705
145 4252
1542 1019
1499 1718
2085 2783
3994 1493
4091 866
3033 3894
1294 2191
536 4699
2102 4122
3535 3212
2970 341
4229 3546
4674 375
2328 1909
2398 3967
54 4541
4008 4624
880 4715
3540 2365
2031 3886
543 4512
3812 2689
345 3695
2485 2894
4684 4881
129 32
4036 4278
4115 2938
4830 4365
2506 2969
4497 956
1366 2738
1667 4666
3943 574
1267 266
1070 2871
3854 4178
2056 1603
375 4551
2758 827
3088 563
2907 3707
4606 1140
1322 1782
3313 2881
1072 223
3308 224
1801 3264
2537 2476
3529 3423
3122 931
1051 2710
2129 1588
3070 2480
3986 3822
3003 3051
2425 2323
2196 1255
5000 4221
4297 3027
942 2527
1498 322
4454 1194
4152 1575
4723 3967
3342 1269
1326 3926
1385 3487
2989 2978
2809 159
3090 4930
4913 4750
2482 4393
1566 5000
3984 2027
568 619
354 4077
1390 4067
2887 4192
4964 2171
54 661
3668 2025
1613 1639
2148 4176
2794 1002
1862 1992
1948 1211
319 1131
3984 4210
1770 1157
4811 4454
1657 4279
1760 2547
4785 4044
981 433
1361 1375
135 1746
3422 1421
2343 4230
2299 305
3105 676
1973 4464
1646 4825
2739 4339
2676 1356
1606 1347
2386 4268
1209 3747
4838 2865
1729 4421
2720 1995
4040 2354
667 4681
3034 663
4062 1155
3468 2016
156 969
940 570
3960 1002
1310 4754
3500 4336
3881 2016
1417 418
4919 908
120 3239
3644 60
4248 3637
768 1534
2782 1007
2987 2665
4177 4497
26 685
481 4453
3530 1676
3606 289
4225 263
3090 3218
2135 4511
908 3669
1370 3848
4330 4467
2703 627
3365 4120
2523 2827
691 1502
614 3574
3494 2701
3358 57
1512 4260
3936 4724
4610 895
424 1845
1513 215
3180 504
1926 1905
1210 4974
4215 4391
3024 99
2837 4694
4088 4893
4569 2226
2402 544
1488 1717
1275 41
4654 2559
624 1154
1132 3504
1841 1334
4468 2173
405 2849
4388 4755
463 3398
2286 2130
3078 2533
4986 4601
3289 3896
969 175
3818 946
2431 246
1036 4973
3825 624
4594 1159
404 3196
2574 1106
3898 3837
3715 4841
4089 652
1120 2481
4940 659
2431 398
2121 2248
976 1569
2797 2350
1099 1121
547 2960
162 3871
3441 154
1390 4424
1126 445
2560 372
711 4275
3390 2297
485 2224
2257 4270
3152 762
2585 4324
279 4410
3636 2471
1055 2827
3201 1458
4964 3174
2175 1150
471 2053
2676 2583
2218 513
1030 2992
2142 4275
3560 3931
1054 3675
3221 4753
3162 1388
1174 3707
3750 3902
810 3972
4059 3466
1239 4761
2259 195
2917 4273
3735 1118
4274 3863
602 2361
2827 4347
2528 1634
1899 2228
4317 26
259 1616
1194 1374
4524 2964
2276 2107
3682 3797
1910 2718
124 3791
4265 3159
3752 3459
3680 2292
1721 3431
1203 2517
1848 306
1763 1757
1855 1975
2337 2706
706 876
4791 2983
370 2306
2802 3171
1732 2855
3374 111
2774 1973
3807 794
2395 4715
1254 4919
2110 524
1371 3379
4766 2857
315 2419
555 4968
3555 3464
506 2969
975 2041
1722 1751
4659 3561
3726 4505
569 4187
3251 2716
1834 1741
2862 4619
469 2295
4091 3382
3763 1934
3187 4629
4185 768
2070 2083
620 4020
2839 440
406 382
2700 295
1974 2868
1141 3729
3525 211
3648 3767
2466 4835
1740 4067
33 4795
2956 702
4141 1372
245 3207
3815 3040
4817 2601
1997 1920
398 885
4546 4473
4150 1437
2994 4698
645 1730
754 3456
3918 3579
3523 1545
2797 2454
2102 1030
1518 1849
2475 874
4493 1119
2104 2485
73 2251
927 3088
2830 4422
4270 1824
1040 2794
1547 4595
2665 2085
1094 445
4664 4009
4288 649
909 4728
591 3661
2639 4863
4900 3565
3556 3320
2008 47
4288 1449
3887 4286
418 66
2667 406
3129 4910
3914 4017
1748 2231
4648 2570
3860 92
3414 101
2553 307
4097 1320
4285 3932
860 1678
949 4450
1106 2307
240 2464
2428 2353
3601 4255
2297 2453
2126 1944
3885 1236
1349 3230
4808 2964
4231 2088
2641 3202
3478 1394
1512 3038
1685 1800
4548 4382
4061 1866
2162 4761
1543 1899
4428 3091
3983 2561
2803 1682
4018 4610
4858 4402
4738 3548
447 2580
3390 400
3475 507
4992 1283
3475 3371
1114 4288
1658 1473
2986 2395
3016 423
622 2869
545 2243
1489 1236
3752 957
1585 1261
1210 2704
4686 949
1671 4384
4710 4857
2871 2837
1224 396
833 3787
543 3417
3150 2374
836 1367
4049 3181
1473 3823
2621 4208
2490 2467
4580 189
4887 4918
1237 107
1868 1248
2748 3952
4314 878
1123 1140
1902 1278
116 4560
1724 3990
4513 3043
2856 1808
701 2053
2462 3414
1395 4283
4925 3735
1460 4519
4426 524
1525 2053
2958 1125
4304 4740
4725 3504
4203 957
4947 4968
3462 3938
3107 4638
3924 1898
3378 2448
2253 2470
3247 2838
275 4267
113 1114
3501 1046
3511 4219
3844 4613
3009 1893
1759 196
3561 454
2033 2821
2245 3888
1445 4046
4007 1020
2303 807
1185 3025
4409 301
3483 2145
681 2732
4245 3884
4432 978
2389 2745
3340 1004
4589 4405
2172 4133
2652 244
3518 2412
1082 3555
3265 4368
4745 1847
2644 1811
1905 399
2506 4139
2475 4680
1148 2670
2244 640
836 2423
2202 2989
4051 1307
3366 1268
3482 879
398 3276
1521 2345
2714 941
4260 1263
4703 4656
4185 2345
3392 478
751 1040
4534 2923
4989 2601
2572 4617
493 2536
4953 4413
4438 2519
2198 2351
3434 2653
66 3872
2164 3012
3194 4578
2588 128
3746 4503
4729 3605
3741 3986
152 4498
3171 304
1282 2150
1924 1968
2600 713
4157 1560
4575 2818
3414 4762
1107 721
1522 4519
1142 2853
3518 4090
1651 1988
3671 803
4083 202
2598 4279
4825 1117
768 3205
656 851
2582 1889
4511 1619
479 2887
892 4931
1714 417
1331 3510
3296 4876
3659 3634
224 4401
3697 1193
1036 4487
4495 2624
4548 848
4382 2844
1091 139
3780 3856
2079 2000
2516 2745
1852 1168
1115 2315
1632 2023
4734 2560
2094 4942
4609 1975
1436 2284
2525 522
4187 1116
3879 2015
3451 2644
699 1222
4700 3359
2784 2151
3196 4326
2366 1512
4400 165
684 1514
236 4001
1217 4016
955 2094
1343 236
1548 4920
4272 4759
2658 3802
4950 3136
4495 1868
2113 4215
4166 3676
221 2967
4889 3238
729 1051
1580 2369
564 2619
1462 3025
2182 678
1126 1235
2589 1951
2271 2608
4701 3684
4093 3429
181 2975
2503 2261
635 2946
2597 1101
2950 3284
1304 2404
3306 415
3425 2481
3248 1547
1785 156
1311 1815
1358 2795
837 1707
2338 4972
4939 4101
2823 3278
1004 532
992 75
2421 89
2196 418
329 1792
2259 3792
2871 2590
4194 881
3874 602
3784 1666
3931 3394
4065 940
1158 3796
2060 3317
3635 2166
4898 128
2087 4855
4934 1348
4980 171
1992 3584
1747 3854
2662 3252
2792 3636
77 2187
1037 4849
1709 4395
39 2647
4827 3025
2967 4214
547 672
2610 3511
2352 4665
4309 566
1218 643
3195 2954
4465 210
4829 1271
3613 2934
800 1288
2498 1282
3288 3039
1341 3140
1881 679
2313 4869
3876 468
4132 2484
620 2356
2415 2226
4642 4292
315 4163
3371 972
2724 4967
285 3850
2672 3907
2792 4959
2216 3730
1551 2303
759 2575
4961 2397
364 1637
2710 1146
2061 4019
3365 4217
1968 4295
1732 3457
766 1681
1491 4821
3374 2730
608 1973
59 212
4686 3465
3372 2136
939 922
72 2437
2258 3481
3725 3752
2807 347
1933 4810
1068 2257
2636 136
3653 948
3481 3932
365 3214
1953 4320
4540 4385
4263 4337
3119 1406
3189 2163
2048 4662
1582 2552
4058 1506
326 3301
853 4542
89 4076
1811 4951
2824 1071
3660 1127
302 1062
4243 1588
4290 2148
4400 2494
1347 2319
1286 1183
2758 3007
3009 4063
1707 3679
3960 3640
4477 501
2466 4250
4376 413
1870 781
370 4783
4033 3264
3208 509
726 1738
2217 310
2465 283
3223 2321
2597 507
3560 1895
774 2752
587 449
3472 832
200 2785
4288 28
4414 2248
4274 1422
709 750
2457 724
2655 2321
844 4193
16 773
2332 2302
3097 4190
1672 1170
4849 4958
4498 3176
2164 2954
3978 4604
1237 2616
4542 662
3692 1949
3045 2036
3307 3932
3210 3798
4247 2388
1524 3836
4307 3635
4655 3412
2678 2083
4188 729
1594 2230
85 1386
4930 3431
4045 4275
1301 4222
2358 1692
2220 80
3094 4880
1675 2220
3765 1220
1868 3376
891 4355
1446 519
1594 4096
780 4467
2053 983
4780 2452
2428 2412
3475 577
3215 4220
249 2222
956 1417
1857 4487
2867 234
4203 1873
4665 3160
2830 3896
2052 2852
3622 1005
3748 113
1838 1305
2099 1099
1509 3
546 1784
1337 319
1199 1953
4706 160
4717 1215
1667 2943
2716 4404
2896 2079
250 2964
995 4624
859 1153
1775 3852
336 1721
4734 974
259 2868
4374 3302
1530 2421
2757 3443
2423 4870
4668 957
2892 4201
2613 1735
3546 3148
2185 3795
2570 4795
3092 3458
339 2842
530 193
3162 1714
4685 278
3363 2766
3650 4809
1826 2480
4003 3185
967 391
2655 785
4373 303
2012 2749
2288 928
327 695
247 532
3206 4828
2458 4734
1938 446
3053 1313
1909 1111
1823 591
87 4915
4857 3205
3732 3052
4290 3523
2558 4312
4910 603
3657 2303
3396 4882
65 1640
3646 2493
104 738
3248 1047
3768 777
3709 3211
2078 3317
2780 2355
4053 4451
632 3280
839 4909
557 913
3297 4956
62 1392
198 4149
1467 4469
3486 756
2446 539
3913 731
3227 1625
854 1456
683 3341
4959 1374
1814 721
3549 2621
3149 3656
1906 794
2912 4203
1634 4600
1817 2281
1148 460
4834 3895
3729 3313
3928 4035
3689 4282
3389 850
2243 1753
784 2072
4380 3237
2596 52
283 657
940 3416
4979 1572
1679 1600
973 2048
2845 4029
2675 4436
2767 2663
4265 2468
1797 4331
1029 4424
2268 4312
3787 2161
3838 2130
1360 2508
2650 1778
4210 4254
3395 776
2695 4144
698 1383
3055 3395
464 1894
1156 2049
802 2974
1969 3769
617 1658
2505 1211
2862 4538
4477 4456
97 3801
4395 3067
2858 1757
4849 4429
38 3719
3471 212
1951 535
2283 3688
2671 864
3605 3028
3890 2590
1994 1182
2418 4705
2526 4165
3879 64
2246 1920
328 1597
4002 1686
1435 531
1836 2065
3868 943
4059 4999
1476 3063
4640 2461
2414 163
716 2503
2782 3957
4824 4379
2744 1241
1604 3770
4393 2132
4294 3038
754 4376
3644 742
190 3769
1395 3041
3429 4492
1352 1113
13 2490
2816 1369
1507 4573
20 1911
1048 1210
712 13
4422 3470
709 1327
2523 1288
2100 2624
3885 4903
814 4040
2793 721
4656 2099
1085 2998
4106 6
2369 1998
918 725
294 4503
539 4332
2612 2031
782 3655
4024 2288
595 2682
3152 2886
3785 3494
4028 4386
3408 958
144 2195
3507 1392
2288 4983
1495 695
4735 3121
215 821
2032 295
3307 611
1566 2826
3573 838
1428 1794
3105 4593
2189 59
4568 197
4132 2319
645 2125
4019 887
3874 4942
3548 16
3239 2639
2201 2903
4452 300
2730 2641
3514 324
3560 2318
3929 4268
3291 3069
2596 804
4203 1270
108 4072
1727 388
3158 591
327 2417
4968 987
3226 2158
3474 510
1309 2516
3541 4771
1838 4432
3937 4269
425 4077
2498 1062
4001 1816
2677 739
4642 1115
3220 1190
624 2764
45 801
1091 600
4888 3190
3674 3592
2915 2079
161 2951
1766 4719
4509 966
1146 7
3692 2949
872 1927
1755 2172
2534 4174
3036 1652
249 204
2072 2816
107 1861
245 4446
4236 2818
2277 206
4205 3284
4122 3750
1329 2254
1273 2822
4008 406
4114 3055
785 3554
4069 2765
740 4421
3760 96
631 2385
1149 3381
2391 489
338 3559
4336 187
659 396
4477 1170
4484 1827
4450 863
4045 3567
4412 417
1151 1019
938 3450
340 3630
2879 4405
1526 4550
1148 4690
3686 248
4174 4050
3525 1981
3809 97
4401 2291
4621 4161
3886 1743
2374 3730
288 1335
3969 1050
4339 4627
4375 2454
3426 1004
521 4348
1907 3477
2732 3934
4337 342
688 4084
1496 271
3465 3609
1578 377
27 792
3678 2810
2788 4561
2519 4838
898 1670
4329 3034
4755 1740
89 321
4395 3432
4038 1880
3835 4800
3664 2898
1431 1329
2588 4312
3280 3552
433 1717
1607 2671
2503 3668
1738 2248
1543 1229
2271 4149
4305 2393
2344 3018
2206 1683
1962 385
4492 3161
104 79
3316 3165
3517 4188
2877 720
753 1664
3181 383
1248 4057
1815 2394
2735 1140
2449 892
1492 3872
4636 2569
1175 2915
4820 4900
387 2607
1386 3884
4310 817
1295 4911
4396 4302
4685 1975
4984 721
1476 3962
2915 4704
2063 4302
110 3801
3405 2335
2316 4211
440 4299
4835 681
253 4138
378 2481
509 570
1531 2294
3211 3459
3018 4926
4698 1561
3588 2361
58 2544
869 2302
259 866
4743 3107
4064 3428
2676 4620
3130 3478
2916 4745
739 528
4456 1485
1776 4771
2329 4236
2546 2917
2502 4329
772 2842
945 1992
164 2384
226 1482
2138 2144
1759 2106
4222 3442
1791 3824
2955 2819
2492 4680
4260 2051
1511 683
2317 3767
1906 4108
1943 1657
908 4302
4471 4618
1551 1930
1007 3124
3103 1010
4763 4372
3115 3507
4431 2626
4714 4356
1457 4876
2575 1589
2158 691
3739 320
4182 3399
3026 264
2183 144
2002 1452
1215 529
3194 787
1354 332
4096 4387
1903 4438
3875 2428
2288 3845
3543 2967
2093 3543
4883 2803
1297 3885
1772 3001
2103 2006
2815 768
194 3127
3375 1880
771 1226
3961 727
4875 4474
4480 4198
3438 1833
1053 125
135 3998
2236 3265
1540 3117
4004 2511
381 3415
4962 3408
788 4412
1878 1359
1396 1766
3407 1477
2986 1899
2659 561
3126 1643
3662 397
3765 1546
314 2869
330 4501
2321 1526
3444 3834
4619 2139
1565 1387
1911 1135
4253 362
3465 69
4918 4664
416 1105
398 2064
2238 3723
3239 3868
852 641
3372 4097
2279 3733
2900 1539
1843 821
4617 1414
4387 4305
4179 353
3664 1820
3798 3731
4104 4333
2492 1592
1421 1606
4916 3943
841 1689
80 1532
2928 2128
149 1990
2631 3689
1445 2079
4028 3273
3887 2216
1052 701
2524 1998
4281 2036
49 403
4266 999
1464 3891
2534 4108
3899 1974
4836 2025
1164 4658
745 427
1614 2288
1187 1183
1232 3554
3419 2326
3648 1651
628 2147
1393 35
3571 2476
4215 2340
1233 957
2711 1323
2687 4579
2784 189
4162 620
3775 4459
1092 1777
4649 4185
3721 3805
3584 2688
5000 146
1163 4688
4367 3542
3262 2813
986 4590
2147 3891
1007 4284
866 957
2890 2070
1614 3899
3956 619
4588 825
190 2293
4833 3685
3402 1647
275 381
1076 4145
972 830
1653 2332
2195 2832
4011 2897
1579 2630
916 169
1101 2509
2237 2220
4379 1329
4713 2981
744 3856
2271 4347
3448 2665
3358 394
2209 4289
4055 212
4084 2167
1708 2632
4208 4608
1695 4153
462 74
3621 3532
455 1605
1458 1593
378 4188
4558 151
1764 2754
1043 2471
3446 1927
1301 889
3014 746
522 3399
4782 2979
229 3306
269 2771
2334 1264
1627 3067
4431 4921
4985 1431
4017 3246
3105 4585
1451 1221
1055 2794
4576 3307
1555 127
4977 475
1 717
655 182
315 2834
1064 511
2198 750
3870 129
4075 4014
1723 4612
553 3580
1483 1949
3852 4159
1913 3315
2623 134
629 2022
3488 1061
4120 4673
340 3940
3461 4336
3806 2435
562 1943
4073 2520
875 1673
4623 4965
3824 3085
227 1875
1398 1799
3123 128
4488 2061
3251 1756
1205 1126
2275 316
4511 4730
2055 1749
1858 3121
2455 4261
4437 3781
395 4303
3475 4730
929 2230
2990 2187
1060 351
3665 273
1613 1104
4848 2644
4301 4541
3234 3592
1295 3601
3002 3310
1968 990
1805 2252
2639 2327
4222 4590
3415 3545
56 2297
2012 596
4729 374
1840 4208
3800 3557
2816 1603
2564 3070
840 4126
3354 634
1597 1094
906 2177
3957 3843
653 164
1751 245
4793 653
3705 4645
2724 1555
975 2979
4667 1318
3310 1184
98 3821
2704 4672
1009 2988
2742 2477
3621 696
635 4778
3670 4173
1999 1126
732 3128
3096 1301
123 3912
2490 4007
2575 3076
2334 3298
3794 4012
1320 4920
1969 3394
3379 4995
3417 1410
2283 238
4985 1097
592 985
1831 3975
1557 54
2193 1770
4659 1679
4226 1714
1635 1121
4676 581
164 4970
4318 42
2815 3658
4156 2458
4760 794
1501 1125
2148 4458
789 4991
540 3796
1733 2663
4037 2777
4106 2151
875 1342
4724 2603
2409 3159
3072 79
1105 4865
1362 1217
4948 1276
4132 3174
664 2442
1581 4801
2471 4101
3144 1252
1771 3552
108 4968
2205 2495
1631 645
4443 1220
4178 2940
369 1730
3826 1638
899 4288
455 1699
3702 2815
1492 3964
2093 743
4569 1570
546 2653
4299 2423
3636 2594
4376 4669
1916 3675
3753 675
3767 592
3084 2072
4311 4694
4882 1410
4578 4846
2895 4061
96 2415
600 3737
4122 3690
402 1161
3583 3339
3663 2562
1646 4367
3182 1885
4568 35
4999 2640
2604 3144
3330 4982
365 680
1767 3444
3129 905
4890 2056
2119 1658
1710 2700
3900 1128
4125 1930
3417 152
1254 3293
385 2032
2861 2672
1468 741
866 2730
1686 2189
2156 181
792 3727
1275 75
2095 2471
656 285
2162 4854
1489 2717
1819 2153
1872 4888
2620 4599
2431 3508
2288 3036
3516 638
250 3708
1764 1507
1712 1489
1806 877
2231 216
1490 2785
413 2621
4267 3438
1971 38
3900 892
2856 725
3921 2539
4285 1340
2354 1399
4457 4191
2669 1989
510 3634
496 2651
4639 3940
1810 2700
1478 2328
1048 4127
3650 199
26 1847
1917 188
1557 3257
2274 2618
505 174
4011 3693
846 674
2990 2703
3498 211
1468 2143
2989 4125
3153 1444
2768 2982
1843 1846
1268 3148
2942 3074
895 2720
100 818
340 397
4652 2470
1904 2569
4473 3893
4401 3194
3827 1987
2362 4935
1478 237
1950 4032
2273 1974
2062 751
3068 1724
4949 3029
2911 4418
4099 1435
4782 3684
879 274
4506 3653
4997 1465
2759 3086
2179 1323
1178 3989
909 1887
4078 4595
2776 4438
1716 2422
1642 4590
4644 4322
2003 4280
2733 4753
4951 2816
3258 2322
4946 1984
2804 1027
2932 3569
329 2782
4737 1952
3236 1842
3979 1997
1329 1966
3819 581
1680 2879
1709 832
896 188
2754 2018
4876 4679
3986 263
1028 4262
1576 1641
3328 4691
876 374
3858 2885
4371 4582
3569 3809
2324 2337
806 4652
1749 3850
2439 4285
2856 524
4905 2126
1812 2641
132 3650
4292 3798
2329 2997
3077 2000
3202 262
2809 2642
1097 3856
3189 1536
3089 293
681 931
1324 3166
4713 4082
4833 4287
3058 3754
1947 4213
498 4356
3742 3827
631 2399
1261 1888
1886 2442
2035 3234
2147 2650
163 1420
4516 3334
288 3794
4223 790
2456 3581
2627 3443
1753 4268
4303 4779
784 2692
4822 4136
3765 1097
4198 4864
1917 2843
4766 3164
3461 782
3370 139
4766 4927
4335 2675
4482 1386
4306 1620
4324 1697
3373 2406
177 581
833 2266
450 2458
3956 1576
802 2996
1496 3045
4637 4385
731 2665
619 704
2376 3762
222 548
3190 942
3447 4452
1754 4299
1046 3981
346 2165
1111 2844
4315 1755
4521 3554
2779 2518
154 49
674 3213
3162 1484
1366 2076
3926 687
2591 4702
2874 3001
2040 3622
657 1378
542 4607
3469 4049
4134 2650
1717 1505
3348 2435
2226 180
1665 3768
1017 4573
742 3861
4519 3381
709 911
874 2793
1563 1549
735 4174
1364 180
4488 3782
2708 3654
603 4439
1487 1973
3519 3047
122 2779
1325 670
2378 4728
1704 620
2024 512
3396 3668
1780 1456
4871 1462
454 3099
123 1139
1310 390
3152 1478
2261 2340
4076 3876
1111 1474
3554 3933
2403 2514
2413 4799
2818 203
1154 3447
212 579
4026 3078
781 3403
2191 4970
75 4449
499 4794
1079 4689
2967 4831
4500 3896
3667 4559
639 2452
1941 1902
1620 2915
836 2126
4393 1634
1928 4230
3482 2579
88 2668
2737 4757
4858 493
3575 2436
2486 909
110 760
1250 3240
2442 4362
742 3445
1654 2041
4716 1259
2753 2942
3347 1621
2833 1043
4116 1017
2114 1741
4870 3099
4477 1326
3052 281
1838 2516
298 3270
3169 1453
3610 4386
2506 1793
1855 4889
724 944
2799 3129
683 4320
581 427
205 4122
2941 2185
3800 232
2350 1017
1756 977
4427 1236
303 1014
2288 660
2470 2823
4812 1585
905 1997
1882 2867
4449 2915
4856 4076
938 641
2602 3964
2419 1602
1651 716
4627 2800
1827 657
2949 1192
810 3232
3649 1123
1875 1817
4005 1533
650 2474
340 1112
385 2127
3097 250
3241 1682
3708 2991
1961 4646
3340 3688
1467 4509
1257 1328
1597 1017
655 3990
4694 1220
1492 298
4335 4983
1745 1975
2396 792
4834 28
1824 2723
1780 4961
232 4706
4976 4520
2343 3350
1204 3393
3238 1029
3082 2319
1881 4342
2150 3166
2771 3240
1645 544
1311 3088
2607 2005
4328 174
4350 1681
2415 2349
559 4040
1147 4140
1271 3315
1685 4171
3657 4361
4504 301
3730 3273
4443 1980
2916 3113
1933 2530
1616 2199
4275 4873
4176 4762
162 384
3183 2072
4190 2077
3265 3396
3400 3296
4785 845
2959 2644
537 2340
3853 2057
1170 3779
3036 1957
4739 2927
4922 2611
3188 1501
1365 1703
2739 45
4005 3259
3297 980
3271 50
3750 1165
2136 1273
2101 430
4125 1114
2262 2805
3615 37
4291 1427
1758 3622
481 2405
1343 4839
628 3834
4730 2382
2129 1662
1163 936
2613 4329
142 1474
3285 3360
2551 1376
3288 3255
4501 739
4360 4292
962 3791
2631 3724
3935 3350
454 2833
1300 2182
612 4080
54 4253
3862 295
1663 4086
2181 2517
210 2675
3188 3225
2201 90
2349 1358
2567 3345
2282 2807
2437 2755
2833 2164
3389 1559
2489 1018
1228 1558
4655 905
428 2570
3817 3149
601 2414
977 1169
372 4990
2632 1604
1765 2879
111 2876
4044 1353
1773 4600
881 131
4734 3497
2688 875
729 4415
710 1355
1407 4198
3338 825
4908 3800
1009 2556
1134 4068
783 3483
2748 2645
205 4896
467 1718
1916 635
4512 3504
3875 2344
223 4542
4914 2668
856 1407
2270 4529
2437 563
456 3442
48 924
1877 4215
647 1983
1202 1786
1884 2531
4976 4910
2518 1351
191 4347
2833 1072
4537 4572
2796 3464
103 3428
4311 4450
2527 4816
2382 3782
1810 1908
2840 2651
4303 2461
3707 3620
4599 3181
3148 4926
2187 3752
4642 2295
4448 795
2332 637
1771 1724
3960 1912
177 3731
1305 3549
729 2651
1532 3504
1296 4342
2180 2569
1616 2134
2524 2949
2477 1757
1021 4026
449 677
4172 4576
24 4804
288 4108
4823 1304
2256 1545
4018 4524
2959 1124
1639 3452
1354 563
838 4060
4140 1379
1743 3372
2925 4256
4421 2153
4943 112
1514 1557
4383 3662
3697 3005
2507 1244
4692 4045
4655 1908
3439 4999
1074 1001
506 2770
1321 941
880 39
4672 2443
3514 413
4614 2639
4779 289
647 1800
4895 4405
1550 3546
4639 3248
3661 865
1448 1071
2770 166
3323 4182
1051 3231
2433 4887
4075 783
4268 1502
1466 1533
2709 4788
2400 310
3536 4623
2189 2997
1829 1897
2754 3484
2945 2940
3260 941
4009 2486
2857 2934
4188 3957
1941 2633
641 1676
2809 4959
4296 4979
1472 4534
4707 129
3300 955
2693 2223
4035 4717
192 467
3567 4353
3409 3836
2434 1549
4054 3025
4844 4503
3619 338
2586 4615
223 4563
1388 3133
3345 3547
3993 4070
2559 2212
1139 536
711 3726
3164 1236
1816 3105
281 3668
983 4967
3803 1225
1732 4454
3768 1637
2816 3725
4047 1029
702 2441
421 2671
586 4234
4390 1246
345 4581
1263 2141
3924 166
2039 3910
2781 1713
3632 723
3182 756
3950 1696
2447 3807
3957 1426
1327 4631
839 4727
4679 3747
698 4056
3404 4823
315 3723
4346 3171
1556 3304
4850 1140
753 612
1609 4728
2502 1397
1696 2995
2022 475
763 3589
221 1961
1862 4549
2981 3052
1592 1837
142 3592
1101 2149
405 1760
4524 4850
3458 2428
4164 4449
2557 601
3546 2072
538 712
1821 4951
4613 1863
594 497
394 591
1320 811
1137 3244
4074 504
3522 1128
4952 1609
2459 2912
2076 794
4177 3705
4697 4179
3331 1219
339 2268
3881 1374
2214 1569
4249 1940
1166 4884
400 2418
4628 1304
4518 3340
307 3964
380 1130
4348 2994
4213 767
3418 4063
166 4403
2012 3507
4606 565
2498 2815
1980 4058
3317 2055
4732 4066
2912 841
3285 4868
4893 11
291 2060
3392 2324
4232 4329
1663 3347
3461 2648
1048 4219
2479 3915
400 329
3631 2096
914 2650
3059 749
1184 1767
3977 575
1804 2764
1138 3498
2199 543
1676 3580
2854 77
4865 2557
3512 4769
1226 2884
3338 841
1435 2196
4051 1524
1139 3514
2224 2254
2785 175
2711 4133
816 2862
1084 4193
3065 3419
4658 4942
3106 3676
1473 4147
553 3665
245 3593
731 3947
459 4363
2508 1236
1423 4051
4141 2343
3083 544
2468 2712
119 4413
176 112
3814 4999
1501 309
4238 1942
4573 2706
3575 3645
2961 2547
150 1614
3034 1651
1885 155
4294 2443
769 4771
208 402
1827 189
3806 3618
4711 4769
3953 1568
3411 4341
4728 4731
4271 4069
1548 2332
839 1674
1937 3582
3351 3559
3742 750
1194 3780
4127 4382
202 982
806 2686
1467 1409
4487 2479
4113 136
1984 2060
1475 892
4630 527
4871 3103
252 3290
1898 1296
61 1458
947 4676
3997 2747
1064 2527
106 4267
4777 3071
234 638
4079 2518
1897 175
1862 538
2330 4379
3718 565
2689 531
4730 1276
813 2002
4257 4081
1088 4608
1994 4307
3770 2234
2647 1920
1966 2937
4997 2503
4323 1379
3640 1450
4814 3425
2580 4329
3629 2111
486 1429
2421 3856
546 2091
3161 3099
3053 837
3259 4563
207 2106
2907 939
10 4483
3557 3273
84 658
1194 530
4037 3402
1400 2062
4146 262
1792 3468
438 1575
1715 3294
3068 2211
1403 1205
2186 1271
2739 3525
238 1486
2108 2198
4721 310
791 2285
3816 1706
570 325
553 1663
937 3323
2770 1440
993 808
2112 2273
4994 4211
1551 4275
1689 4557
2502 323
3559 3101
705 40
3204 4485
4170 2123
327 313
2477 4557
4398 17
2208 1523
4978 2871
889 1625
4288 2345
2079 4729
545 1696
2934 4679
3050 1277
629 1434
933 1251
4461 4846
2310 3226
3720 4960
4279 1598
4297 1195
3968 928
3144 4489
4922 2098
2905 1386
4406 655
3857 4752
559 3626
4874 3868
4160 636
532 4005
3826 965
2936 829
4687 1619
1377 2580
3700 1739
3144 3736
4709 3626
3822 2320
4989 2747
557 3085
4703 1580
2522 3010
4181 4526
4273 3143
1081 1858
1680 4469
4448 4720
802 3964
2392 3985
243 262
608 4926
1799 1989
1220 2639
1752 4130
1004 734
1072 94
1934 2522
89 2240
3036 74
2325 3867
892 4341
1951 662
1667 2802
715 2919
71 2875
1622 215
3936 167
1556 1845
874 3316
4359 3022
4331 3498
3626 2457
4934 2244
2820 426
1259 311
883 4468
3585 3819
2451 4780
4094 3393
37 2385
325 3497
4844 4690
1271 221
4449 3939
1596 3375
2048 25
209 2951
4430 2663
4799 733
4187 1808
715 1409
1886 2014
2093 4631
3198 2695
2304 3360
4514 4828
3073 3391
2192 749
1176 2846
1283 2095
2304 1176
256 2658
4203 4157
3006 528
2106 1084
1039 2515
1292 1066
2661 799
139 936
2123 1671
2264 2469
1819 2205
1128 4141
1797 2140
2128 1313
4050 4566
521 2712
2180 44
709 6
3054 813
4250 2990
4906 4971
3857 1296
2596 757
869 3179
4957 2820
2018 514
1532 359
2028 1473
108 304
4180 420
4501 697
2345 2587
4581 1723
3216 1749
1861 1504
376 2983
1849 4518
680 2715
1677 280
1998 4888
2899 1459
1258 3687
371 2820
2937 1392
1796 2151
2905 2773
2145 1218
1643 181
508 1362
3474 3206
903 2344
1535 160
4347 3770
2602 4362
1923 1437
843 3465
1902 1771
668 1135
2289 892
3381 2542
1687 1310
1447 2315
1078 4456
1413 1233
295 169
2349 3484
1176 1856
2336 4902
2063 126
906 3317
1206 1777
3806 481
3232 2572
85 1478
531 4835
2821 4007
3972 1769
80 4893
570 187
867 2997
4666 1909
3964 2141
4893 2226
219 3638
1186 4462
2234 645
4831 2704
4416 4138
2248 828
585 3006
4500 2382
714 3961
1386 1433
812 2869
3925 601
4939 1436
2654 94
4334 4494
2873 54
3034 1467
2323 4925
841 3860
295 2867
4800 3423
859 3306
331 4897
3604 2304
789 827
296 3393
1810 1864
981 4838
189 857
3323 3549
4941 4564
3638 2057
1643 3112
1064 116
362 3158
1386 4757
1471 2735
2936 427
1085 2461
290 3240
3201 3711
2960 1676
1256 4935
4418 3022
3329 3972
2675 1607
130 3101
4603 953
612 3504
2617 2474
2976 3545
2673 4727
1795 1977
1502 854
3019 3150
3310 4910
288 1362
4112 1760
2017 1326
3860 3695
537 3453
3618 3924
4067 2640
1832 2178
3365 951
4872 3014
2228 3590
1669 2018
1188 1196
546 3049
2498 2698
1105 861
881 3046
1117 3303
1639 1991
4913 197
2460 1925
4345 1472
1925 4474
1837 4182
855 1782
891 1237
2871 2678
1573 4535
3649 4838
3120 3281
2533 902
4980 2195
3481 3081
199 3654
815 3365
3557 383
4777 2980
4737 2962
385 699
1404 370
4113 3676
2610 3411
1359 4120
4857 3342
3065 2082
4535 4342
1568 4808
2568 2001
1923 2632
419 1615
1110 1832
1473 1038
3483 4567
1922 4973
2516 104
4580 4931
3110 1461
2022 2940
710 2348
167 847
3093 557
2266 3512
236 1727
4752 3947
2624 968
2346 4215
3028 4747
4300 948
1111 2143
1491 3497
590 2707
4231 4925
115 777
1234 646
3548 556
1188 4383
4815 1520
3888 4396
4635 1899
806 1867
4491 1046
3901 3311
498 2890
2477 2538
3687 2749
4139 667
2332 1060
1310 1485
1069 899
3081 2769
4815 4393
1313 3235
4462 1496
1678 3585
4966 3463
111 4378
1603 1990
4216 1500
2465 1917
2347 778
2933 3270
4524 109
3868 2981
4190 3956
4360 4952
3427 2703
4143 1544
3896 530
3796 2832
2455 4227
1914 2201
2853 4209
76 3895
3151 966
3143 3188
152 3626
3315 1464
4092 4831
2351 74
369 1125
2892 767
4059 1035
2654 1237
944 2634
1996 4488
1251 3311
1961 2678
4820 3961
2221 898
4933 1366
1996 1472
2194 2445
3623 2
3632 396
2116 928
60 578
541 4344
1970 3120
2379 3041
541 1389
1448 933
323 1909
4847 100
2287 2730
4322 4590
4881 2358
1649 4497
3109 2548
1413 4719
3555 31
1967 4461
415 1249
3107 3610
2397 1850
125 867
1402 1794
1473 1672
2488 1599
533 1075
3679 1983
2872 2566
2658 1460
928 3003
4656 64
834 2699
4641 3564
3926 2068
2613 1019
142 3591
2199 134
2217 294
222 4929
2155 3686
1298 4161
931 3066
4512 2438
2211 2725
4789 3631
3222 1152
1425 499
4639 2180
3375 2297
3150 3747
512 2252
3008 4641
2657 4217
3999 23
3790 542
203 2070
213 302
1574 798
1192 1679
729 2321
4982 4143
996 1110
1965 3658
4196 4918
322 3546
4854 1819
2440 4030
816 1106
2524 4857
2642 3328
151 2940
2947 4807
1578 920
1725 783
4099 3003
3411 1403
4693 3262
1468 4366
4104 3140
1247 373
1186 3908
3277 70
3875 924
1141 4111
4572 1922
485 188
4099 1369
4637 4544
1696 3971
3411 1352
1089 1520
4096 4516
2838 3065
1639 1136
4213 2481
1769 3718
1274 1367
1815 1492
13 4663
4191 665
2841 3177
3893 3610
4335 891
1163 4225
871 688
2463 2026
814 3802
2267 2590
178 2932
2262 4390
1935 2578
3906 483
2386 4302
4581 1632
1832 515
633 2485
1208 98
4350 3468
1356 4106
1581 4697
3380 3649
1408 1573
4066 3383
642 490
1616 1202
3178 1065
855 2456
2028 2042
4844 3406
4987 456
3543 3211
4108 3329
1695 3962
4154 3246
2276 1069
101 1574
4404 2554
728 1760
4637 3718
4879 1247
1759 4299
91 171
3370 1079
2565 3791
4985 3086
1005 3714
2286 1923
4397 1708
4418 4425
4136 1784
2625 4046
782 1276
3145 3016
2068 993
600 1135
3553 4499
3701 3311
193 3014
684 420
1386 4755
3084 2296
502 3755
858 1041
1832 776
2489 1600
4282 68
1579 3945
3115 4628
1576 3856
4417 2869
145 1645
3470 4015
2238 4908
3785 1971
4532 2407
2881 2948
293 1432
3835 555
232 3073
2876 1773
2004 4360
4297 382
4599 2925
1580 1257
4700 1841
3875 3041
2680 1652
1933 3366
930 4403
2150 2561
1462 3661
4952 494
81 746
1296 3902
4927 4388
4129 9
4839 3914
4970 4538
4996 1911
4331 1018
2696 3200
2716 4164
2882 4964
1475 12
1039 2504
320 4324
2277 2156
265 1134
140 3896
1428 4067
1748 549
2619 3439
967 1343
2285 3895
4299 3916
2738 1238
3413 243
100 4734
2924 3292
3931 2493
2248 714
3692 1110
2039 4488
2762 2799
4499 3725
3901 4401
3010 3724
784 2971
4898 2104
339 4417
2757 3579
2666 2670
1735 854
3363 1601
1415 3606
3615 1109
700 720
848 2219
469 2430
1042 432
1228 1466
237 3293
545 2367
668 4452
259 745
2463 3603
2255 906
3104 4455
4054 2314
1567 4019
2721 1844
3895 116
1525 3766
3822 1077
4404 2895
2955 3755
1070 1492
4645 3267
834 4309
144 3526
541 4785
4086 427
2570 572
4168 1344
3929 953
467 243
2438 132
615 1141
2100 4956
140 557
416 4637
1024 1875
282 2664
2947 1150
2617 3900
4674 1886
1215 3042
1094 4967
3290 2225
2752 795
837 3976
1233 3747
863 4579
2590 381
3309 2865
3520 33
4814 3553
2855 3992
4727 3138
1556 3630
3205 998
133 3541
3954 2350
4526 3589
411 1696
4735 4898
2464 1480
3773 2481
2834 2541
3320 1107
3682 675
4407 2859
1578 1627
912 3828
631 529
3889 3443
229 1788
2318 4511
400 4246
4772 1268
4475 4969
2118 4455
2862 1926
3656 836
443 3083
1421 1637
3518 818
4082 3569
4791 3948
1197 3713
3933 3438
2660 4751
1390 616
3440 3531
4833 1553
2856 971
386 739
4824 749
2674 4184
462 2636
1806 2331
1010 196
2619 2640
1846 311
761 3887
500 3214
3411 1077
4880 192
420 1271
3006 2372
1571 1206
3474 1869
4012 3838
263 1655
3712 2972
1920 1246
1694 345
3579 3678
4276 1852
4000 590
3219 2524
2035 2538
865 4231
2932 2230
240 996
436 3731
491 799
1318 4515
2544 1446
4278 3662
3374 3195
3624 3034
2988 2435
2984 1817
2330 3705
56 4309
507 3500
679 4033
3719 178
1652 2978
1456 2450
3831 3118
2346 1487
725 3677
4363 2736
4794 3347
1042 168
213 422
335 608
4158 1192
1221 17
4492 1198
2706 4020
1188 388
2079 4631
2449 2107
1511 665
2199 2238
1529 1975
2206 2163
2322 1486
2492 3062
461 1478
1561 4414
2533 4608
2945 4478
2540 1978
4184 905
2100 189
235 3302
2656 999
3696 1324
376 3106
1708 1761
325 4035
561 259
3254 1082
1934 2644
3490 4704
3349 1655
3968 2007
2963 69
1791 3075
1162 903
2715 2091
4008 214
2408 693
1762 4712
3538 1712
4567 4547
2459 4576
4397 4362
3866 3428
831 2381
857 2023
701 664
1333 1393
1936 531
3799 3972
1155 171
2778 4552
3701 979
2099 146
3163 3875
1979 3515
2231 3190
590 4939
2715 86
3315 2206
1683 968
4550 2565
465 198
13 612
1867 1739
1291 4756
3785 3358
288 4981
3275 3323
4214 4417
4060 1873
873 2166
4385 3249
4617 589
806 2213
14 4034
4030 3560
1264 3779
183 4605
733 3560
250 3885
2747 1286
3604 1743
205 662
2319 4556
4251 1123
4867 121
1620 900
820 2209
4428 859
3703 3184
771 4998
511 4372
4908 3783
1413 3258
1653 556
912 336
4384 219
4609 4788
4891 3342
1413 2695
4670 467
4974 2449
4187 3880
2235 137
3827 3430
3430 3936
1122 1482
3281 3768
695 1510
2079 2516
1410 4841
3458 3400
2486 866
237 83
4656 3078
4924 2584
704 4444
2835 3813
3595 2775
1736 3628
3717 3170
1386 4869
2404 3534
400 1351
2195 3531
3555 565
1494 4203
1676 2283
430 3077
1469 687
2488 4104
4889 1639
1200 4658
4478 1313
992 1150
4728 1474
1730 4518
616 2256
4865 918
4901 664
2730 4185
1893 983
833 3230
951 3178
700 1279
3979 4876
3212 341
1447 3709
1501 2888
1874 2334
4058 1240
3180 2752
2874 3913
3525 3892
377 3149
906 3404
692 482
510 1292
4936 1536
383 2925
4542 471
4726 1341
2335 3568
1057 4799
2578 1493
3741 2265
2668 4324
4066 3732
2370 3992
910 2708
2629 2216
4930 1621
1749 679
1283 1200
626 3887
464 987
2086 2053
2454 1339
2463 3963
4201 2756
2176 2345
2765 2634
523 4486
4297 4447
1832 2337
3903 684
3681 1713
2525 358
1596 1235
4165 1875
1527 4263
4115 365
204 2130
4428 251
1535 2740
1483 2864
3331 2459
721 3697
3846 4663
2132 4255
1013 2712
1863 3745
3961 562
283 2894
1089 2868
1832 4990
4376 1137
4915 90
1804 2253
2553 3284
960 3766
1822 1594
4066 4320
4908 4355
592 3698
1688 1292
4095 987
1022 3642
1448 2656
2596 4483
338 240
3026 1698
3907 2459
3652 299
214 214
3626 4135
1938 1067
2117 207
392 1216
4244 4708
3659 1032
2535 2244
3476 3111
2518 4537
4409 1969
2398 1966
2990 598
4813 3618
448 4668
4224 284
4653 3633
1378 1
4705 2805
1791 2928
53 2698
3580 3654
4688 4811
74 679
4805 4170
4464 2365
3938 4258
637 1554
3714 2825
167 645
3027 3986
1098 3853
4796 522
2198 1680
1971 2883
1930 2049
3937 4878
4066 1091
3969 2003
3624 2217
2903 2574
4254 4754
3241 1796
2627 2100
4907 616
492 4928
1722 2440
1119 3205
3000 2955
846 3263
3035 3791
4544 1001
625 2678
4928 745
3893 2692
2648 4707
1044 3430
4025 4232
1089 4985
2 4267
1306 2844
159 780
56 4908
2817 472
2990 1436
1121 3095
598 1712
4851 3368
3505 895
3133 115
4613 334
2675 1705
2470 3245
1610 4917
1227 4795
610 1883
164 788
840 3348
393 778
3484 2806
1409 2671
1913 368
3244 3741
3730 4857
1033 331
3630 3599
342 3705
3096 440
4317 2213
2352 4462
2212 3539
3838 4486
232 403
4162 287
3966 4676
1020 465
2534 3921
3278 3462
720 4185
456 4532
2771 1533
4684 3431
776 3746
3302 1755
3667 3208
3574 1846
139 1786
2918 2575
1516 1999
2418 4708
3800 3642
1087 1957
3521 854
425 123
4146 4373
3963 1125
4534 4768
2124 2190
4438 3721
2664 770
1702 2139
2013 485
2181 483
3314 688
783 4768
2726 2295
2109 3631
3736 2001
1350 3195
2345 3211
3453 1734
366 2574
2622 776
523 2404
505 1492
2476 747
2433 4017
3192 429
4987 1867
200 810
1524 4365
1275 1417
3149 4516
10 1815
2646 2279
4275 556
2101 2783
1157 1343
2496 1593
787 1263
537 2928
2916 1363
4627 3837
2328 970
2988 2004
2879 1576
4382 4749
2331 1449
3275 4182
4294 90
1962 819
31 4971
3489 2056
1122 4098
92 1440
249 4749
3902 3470
3886 2733
1194 3771
1039 4938
1488 163
3432 1724
4870 455
3623 2391
2324 612
1960 617
759 3445
517 1992
1834 1970
2854 4373
1552 2079
2368 1919
3669 2280
2822 1011
3284 64
1013 2760
4675 1635
2819 2812
605 4753
963 2462
346 4915
864 288
424 2991
3050 2570
2926 2089
2745 2220
1020 3458
1466 54
1259 1701
1213 624
1982 1187
4168 2583
1703 2609
1584 3292
2558 1563
4199 1337
2880 437
686 3293
1410 2431
901 3511
2404 101
3927 4384
330 2576
1617 3120
4875 2672
2214 2353
4860 4923
3426 327
4467 3747
1251 1308
3356 1031
2722 2432
1572 3712
2693 4900
3686 2464
4032 2578
2200 791
3293 4939
1710 4232
2517 251
91 4375
55 3495
217 4402
1414 4687
984 3891
2227 4200
2564 30
4804 903
271 3556
3164 4095
1101 309
3388 3124
1783 1158
2939 3036
1846 3808
216 1813
3410 2436
4243 2590
643 2718
2296 4604
3807 4852
2194 347
2862 24
4235 1316
3663 1696
4666 1587
2643 1224
3443 641
2363 4018
3312 1187
4518 4778
3410 4038
3874 4916
1860 1253
3059 3691
4016 4192
2272 1070
13 2510
3569 2604
4467 2241
314 2802
3612 2540
2946 4331
2628 4887
2512 2874
2900 1651
774 469
558 4447
3787 1576
4537 1662
3558 1029
3946 1006
1537 1357
1589 1024
3970 627
4028 4841
4795 798
3177 1556
2907 2731
1296 2986
270 2154
175 799
1172 1158
3124 3973
4181 25
2302 2086
2916 2210
4578 4472
1212 4200
4860 3071
3580 2016
4510 3100
4106 1617
3067 4255
4223 3516
2509 4835
2041 679
4614 3343
4322 3717
4732 4089
3795 807
2319 2905
610 2769
2743 3550
774 2953
4654 1092
2076 3012
4345 4699
640 1080
3314 1905
3474 4030
3991 2747
1545 3924
4554 3718
2531 153
1720 4372
1531 1819
831 739
4845 1918
1216 3914
4844 1335
1176 23
4718 3500
4340 432
2646 3067
1132 781
2676 2607
715 2631
1039 72
4399 2280
861 3498
4401 2607
1970 182
3123 4392
688 4235
4913 823
2646 2851
2493 1150
1660 3912
3787 3376
972 3571
3122 1768
493 4002
4855 859
4119 600
3939 3825
4218 1587
3828 3108
2442 450
1063 708
970 1360
1886 1610
1159 2336
3110 1335
2025 948
3787 915
4167 2472
4057 1802
651 2828
4476 1686
42 4353
3213 3064
3042 1525
1769 2498
179 3086
4494 588
1888 3113
4528 452
4548 4722
4194 30
2686 1718
139 690
2357 756
2419 2819
296 3221
4537 3445
100 735
1134 3390
4647 4409
1514 3291
4255 4580
1822 262
2624 2511
4772 1823
1658 668
334 4
3288 3258
4202 50
2055 167
3348 621
4614 4785
529 3677
3718 956
573 66
1193 3114
3920 3407
2346 2491
3837 1830
2308 2720
4802 4851
819 2493
2559 4783
3877 2423
2171 3339
2347 3426
1651 1121
2784 2940
1550 2181
3211 4141
3913 2177
3722 2369
897 3534
1723 2116
1248 2533
3026 3553
1288 3590
2 2417
3023 2325
4618 467
261 4949
1028 4569
1179 1073
2576 2444
4138 4301
3352 4390
117 1738
2742 4879
2559 4768
4047 3202
3919 465
2473 1542
2881 3487
1633 974
94 844
2101 1095
609 1800
3658 992
123 2220
1330 96
2070 1944
3888 4039
1177 156
4347 3636
627 3997
4234 4374
238 4611
2440 4735
3906 3541
4126 438
4799 3511
3777 115
1980 483
3693 2612
384 4006
214 4755
1493 2825
4072 3202
2202 1251
816 4074
85 89
1802 4728
3639 4031
1555 2323
1965 4799
2592 1600
2466 4929
4498 5000
4149 1703
1630 2430
226 2098
1610 312
2519 2950
2955 2532
1471 212
2360 2771
3940 1710
941 2102
4273 4219
2928 1491
912 1223
2230 4170
953 1027
3071 1758
3612 3764
1826 4789
2548 3070
2217 1739
4726 4037
3832 2108
289 65
4300 2484
4683 208
3962 4601
41 4288
314 3448
1805 3166
2748 2481
1757 3874
805 1900
2838 1920
4413 2643
3324 4454
2077 4807
736 366
880 2744
483 265
3786 1310
4979 2087
527 2931
3707 2894
3751 4143
380 4662
4060 1874
1724 925
4083 2977
4079 4488
4111 671
4561 3493
3812 1621
1777 418
337 3026
2657 2968
2699 1286
2929 385
2801 3577
2013 3901
3709 4664
826 2091
858 2187
1617 1011
4725 1955
723 2936
4181 2990
4675 1821
2886 3771
2080 2194
59 4399
2294 4586
2885 2301
4342 4902
2464 3646
2393 2475
4369 3265
4087 1328
1067 1581
1019 3083
216 4671
3516 3192
504 2701
1303 2474
652 1615
313 1331
2379 2837
3376 1823
730 3835
3662 1974
1916 3382
4154 4901
1051 4745
2659 3380
3915 928
1857 489
3047 4009
3009 323
4823 3068
4609 332
4627 699
4681 2792
3616 120
825 3718
1441 1658
4685 3660
1587 675
4149 177
399 2262
143 4190
4085 2745
4374 4018
4966 1923
198 909
2868 1281
1028 4578
1632 1160
496 2620
1004 4194
1121 2108
1796 4592
2790 4413
3803 947
1779 2944
1813 1115
1668 3318
3911 4892
1434 2484
99 2311
291 690
4335 3070
4954 4170
4702 4992
962 4687
239 854
363 2526
4154 1907
4360 4554
3756 4094
4022 3776
3274 4736
1805 3780
2772 3684
3844 2352
1919 1005
454 3711
1643 1046
3053 864
84 1069
1242 1793
2315 2582
4098 1697
3648 3897
2860 2372
3832 2455
228 949
4991 1190
2505 704
2779 3091
2168 2340
497 3911
982 4881
3721 2836
3343 3168
1839 1390
4108 3960
805 4941
631 2708
4541 1887
183 419
3733 2895
2028 4410
4197 4977
189 2608
1767 4040
4647 4873
2893 1414
4235 2149
4498 3534
4999 291
4578 3863
3373 1017
4876 2180
1682 4067
4649 1039
3961 2326
1474 1965
1720 2926
69 4337
4694 4472
794 2300
2846 1043
83 4546
4467 4314
370 1079
722 3508
1595 1747
1926 3210
1840 1964
1774 880
3810 3154
720 4703
2460 1991
4702 4722
4229 3609
1793 552
4434 1479
4552 2635
4463 2840
822 3933
3243 747
2081 4129
3274 485
2380 1856
3963 768
1248 255
2795 2386
2747 2262
3663 49
440 260
2772 4164
4817 95
2811 79
2932 788
2975 95
1877 3852
2516 1344
979 1967
118 3839
4160 60
3209 1602
4792 1753
4893 4297
2823 866
4348 1332
766 134
4072 4946
1265 3705
400 1663
2868 2933
2691 4894
2461 2907
2806 4797
2950 3385
2955 123
651 4298
4128 1888
3769 381
3364 1437
4878 3999
3736 2551
1689 56
3406 3767
4490 3019
2658 2739
466 3074
3933 737
4849 1844
1266 4538
986 593
4921 690
4281 3491
3374 3050
3513 1811
2692 2048
2464 1846
4203 3764
1180 2301
4071 2615
1270 4693
4702 4887
1289 4388
1787 2768
2977 4604
101 1517
1959 4353
746 2362
2560 3690
3832 4202
4063 3921
2492 1614
2433 4890
1456 1989
3728 2542
2382 3075
3900 492
3857 4429
3800 3207
2970 701
135 2369
4148 1876
1281 4337
2053 4974
3290 526
3661 3904
429 2762
4701 1620
1647 3665
2730 248
4928 810
2134 4806
3981 4655
1236 708
1067 1262
4056 4917
3787 389
3037 1553
415 1448
1205 1955
428 376
725 2980
2946 4967
4409 1516
2289 2205
2640 273
1233 3307
1830 1298
1493 3509
1392 3910
664 4287
4085 3126
1526 1113
1452 2744
2520 1053
38 4190
3009 4447
2018 699
3122 1963
2485 4045
2829 1026
3975 370
2105 527
60 4856
3321 1122
4776 1156
769 2200
3278 4438
2948 4215
1628 1866
873 2875
4047 545
4047 1295
1367 1050
47 2599
1255 2347
176 4427
998 41
3411 3531
4348 986
1357 3100
1779 2177
1484 3021
975 371
4844 1321
1761 4857
1051 4567
229 2250
2998 4193
2700 3930
2290 382
1905 1338
185 4334
370 2527
429 3064
3702 3525
4165 3986
2078 4313
2322 4897
3302 2295
1332 532
2650 3895
4609 4052
934 3142
4575 3316
56 2498
4262 258
1934 4521
443 2734
4789 2209
2738 276
4978 1060
2799 3593
1315 1372
1249 4378
1727 4401
1865 583
3478 3369
1538 363
3892 292
2280 20
4266 619
4703 3574
4693 3802
3158 933
1767 1418
1718 1243
2081 725
869 818
131 2096
4557 3509
1786 4151
293 973
3290 972
4994 3703
4033 114
4166 635
1601 270
2593 4511
4250 4993
796 4848
4912 220
3093 676
2086 4567
550 1043
4742 3976
1760 3177
756 4602
1211 4025
1449 3330
3844 2324
577 3998
4958 1023
3666 3565
3465 1415
1556 162
2766 597
4227 4708
1942 2819
277 14
231 3086
2575 812
2339 2385
1086 345
2312 2357
897 4616
2409 1252
4310 1368
2312 4170
4878 3133
4723 2715
2630 3665
421 1050
2796 414
1857 4038
1666 2567
1691 1348
2661 2667
3954 4666
4034 1872
3497 2727
4512 3062
3443 829
3873 5000
3371 3221
4787 4503
4450 3221
1580 1540
780 499
4766 1687
3242 552
1674 4262
3815 1715
4304 348
4075 2674
2571 2251
1733 3861
1861 4589
3829 1641
3071 4122
4711 3383
2699 4906
110 2175
773 3851
2871 1349
799 1220
2314 4427
3980 1692
2426 1539
2255 4042
398 4771
2682 3390
231 3134
2415 1464
3192 2396
4040 3867
1199 4119
3849 154
4419 4860
3594 4744
1 1554
822 166
1669 627
2253 4636
4840 3251
3357 1579
686 4009
41 4235
3383 1821
373 1396
286 186
1103 3729
4608 2169
1529 557
4375 4254
1771 3876
733 4686
1509 3144
2886 2411
1302 4195
4672 3236
10 2162
1016 2965
2874 4341
943 1689
1940 3711
478 1158
1594 2241
1828 1729
3450 3676
1395 1315
3595 917
3991 196
4535 2763
4215 664
164 1303
3675 2535
3619 4158
4750 1398
4883 4975
4489 2741
628 3188
2175 2884
258 2195
4427 3281
4926 642
3215 4632
743 4601
4021 1708
3400 1877
4309 7
3403 571
2471 780
1735 1762
4135 4471
678 70
2840 4062
4912 1784
3395 5000
2474 4400
4200 1171
3234 2401
4847 603
4326 994
4600 1049
4715 3165
2812 774
738 3937
543 745
3500 3553
715 2713
4478 3596
3026 4935
3401 1986
4305 1953
4770 3133
4509 4368
3236 681
4910 1248
4518 3370
4731 3902
332 3849
3289 3807
1844 1319
3580 1717
3398 2384
912 1929
136 1691
3453 4015
4205 4359
3672 4603
3422 4771
1833 83
2281 2512
4305 560
2593 829
1023 4854
976 2662
1537 4874
4446 391
3425 766
2315 2467
3295 4451
4915 3097
1774 2614
572 4229
69 464
2187 176
2180 4970
4683 4748
4070 2659
4326 2925
3058 4549
3386 2198
2470 954
3366 1483
1469 1086
4109 4484
2344 4889
1001 609
3316 3100
4730 2140
11 315
4737 149
549 36
1631 343
2934 2074
3887 2304
1488 366
3439 1568
1937 1623
3948 4314
404 4999
3618 3542
861 3385
864 1271
4643 3064
1733 4779
4862 1921
4783 1255
2724 4627
1895 107
3558 4508
3804 2548
3652 517
1442 337
2994 1799
3268 1083
3347 4743
4030 2390
791 2682
1412 2709
1315 180
2803 1016
3746 1420
3844 2977
2608 3712
530 2607
2265 4914
2640 4687
4023 2947
4600 4572
678 1109
1529 3492
908 3674
2530 2540
3728 1843
3176 1469
4713 30
2017 3761
4805 1759
548 2714
324 4151
1459 3354
275 540
26 2842
388 2665
4914 3942
299 1006
2063 407
2379 3608
3432 3392
1833 3715
270 3639
3532 1572
4904 2971
1465 1231
33 3864
3225 3771
2891 383
4537 1935
1172 4847
3017 4783
4570 3664
177 2982
4533 2932
3189 3138
73 2284
3589 3528
2646 2208
3284 1111
4308 4443
4240 809
2687 3757
813 4385
4396 3747
294 2033
3737 3618
51 1101
1616 2821
3788 914
4963 714
4426 2888
1383 969
4842 3006
4024 4820
1573 2859
4874 4834
1749 4208
3438 4716
4652 1177
3696 344
2129 1909
4413 1490
491 1429
17 3849
4835 4364
3155 1261
2947 3853
1604 3149
3458 3692
1146 3612
4265 3805
3416 1786
2874 424
2909 4683
2729 3572
4602 3304
3774 1273
4498 2134
1551 1939
1449 4789
3307 4443
2224 178
1070 4977
1005 3561
1939 11
2597 3329
3100 1455
3492 3815
3005 1895
3869 4922
2253 3113
2944 2404
2771 1935
1725 4230
23 614
3327 165
2796 338
1567 4752
2352 1604
1281 2534
936 1136
1953 2314
4395 1711
677 34
4373 3087
3796 3500
2596 225
336 3179
4388 3914
1774 1540
1938 1578
538 2948
3300 2006
3596 1276
271 52
4518 2896
89 150
2885 3040
2519 4105
4547 4659
3914 4503
3738 2963
4420 1433
3251 3225
2290 4565
4127 1538
4798 1210
4558 781
336 1424
3378 3949
3000 942
740 4308
1907 2555
2293 4926
3296 2740
1647 405
2857 3034
150 3371
4671 2377
1192 4484
3899 39
3238 3668
4398 3019
3639 461
1318 1262
1662 2162
783 3544
2693 884
3913 2860
2065 687
4467 4506
2033 2866
3995 1911
2121 936
1285 1717
2747 1440
996 4340
2802 782
3565 4741
3021 4326
1925 4039
2590 61
1798 4681
4963 386
1473 2163
4877 3007
198 2978
635 3773
4230 389
3968 4769
940 608
3723 3531
4290 4357
79 4880
3782 2253
2403 2968
1091 4846
4891 2516
1226 3386
175 2446
269 3734
884 1725
4445 2864
4354 1224
1494 1577
3041 2361
1906 3011
452 314
3811 622
3470 3829
2271 3676
4088 1169
3737 94
4500 4401
2371 504
4840 1739
3847 622
291 3824
3219 4858
4446 3035
2283 3017
56 2080
3115 131
512 1600
2224 4296
384 2242
4058 4817
1591 3988
282 4553
3265 1050
1280 2489
1157 64
302 3564
2380 395
4864 1391
2391 4146
2804 2633
3848 2621
1779 1009
3946 2530
3333 4862
3384 1481
2422 3518
1902 3874
258 1975
4009 2187
1537 308
4390 4661
4850 4848
3980 1599
4990 1106
4600 3770
1221 679
106 730
4716 749
4 722
2927 1865
1698 1793
3567 1477
1853 4736
1162 780
3664 2998
2049 1612
2459 3148
2633 1424
1232 2957
2868 655
3463 4974
4823 3712
874 3666
2351 1539
1049 1933
4711 3015
2038 3799
3709 1981
398 4845
2383 3144
3837 3083
1782 1713
3447 1780
978 3530
3690 816
4330 845
1655 4278
4878 1746
1867 479
1739 983
4372 4206
1376 3816
1692 1910
4933 3914
4248 253
696 1977
1833 3274
2130 3380
908 2705
3161 4339
1050 1838
1293 2113
182 1802
4814 10
2429 4792
547 176
693 1202
3747 4711
2504 3736
1650 229
4315 1564
3968 3526
1046 3
885 2507
3427 2792
3129 29
1479 2239
14 2563
4576 2325
471 4618
1570 1634
1595 1022
3849 448
4567 2744
1845 2785
862 2727
2818 4959
4163 4006
173 3854
3121 507
45 4007
2590 2408
3087 4988
4618 4059
2334 1147
281 3257
1487 1643
22 4275
1043 822
2559 3642
362 521
2005 4458
3895 345
3816 981
3548 2213
1977 2882
2793 2516
200 1315
1949 2950
4526 4562
4174 620
3151 74
4752 391
2588 3328
2378 3117
3999 790
1099 3158
1758 89
2961 147
3685 2312
2912 4778
602 3364
948 3394
2637 3539
2927 4462
3416 267
190 2653
4692 2158
2203 3624
4674 4660
2294 2145
2184 1643
71 4853
4965 670
79 3846
3626 2348
2907 2496
214 1264
2112 2659
1449 4994
865 3531
171 4324
155 74
4142 3371
3355 4899
711 3675
151 2210
3960 1374
4647 2463
2864 1554
1770 3104
4246 4485
2133 459
1526 2775
4939 2004
2786 1029
58 4126
1728 625
2195 1670
39 4856
2661 3553
3837 1444
3538 165
2626 813
1230 3494
2139 2302
3041 4970
2486 2407
2642 1072
567 1259
2895 2823
1679 2873
4766 1708
4461 3791
1650 2166
2419 941
3786 1440
1640 2028
3000 1179
1933 186
3898 3418
460 4246
4695 3815
1719 3817
2003 5000
1941 1016
2175 3588
2387 303
4694 2258
1645 4376
4793 3016
4008 3024
1568 3994
2591 2243
613 4032
1170 814
1507 4388
4721 1416
2077 1178
52 3726
827 3619
204 4898
3058 3985
976 4743
3194 2595
3029 771
751 63
4955 471
2310 199
4888 3850
3952 1712
170 3575
2747 1113
2422 1805
2688 3418
3613 551
1569 4700
52 1668
2010 4262
118 1879
4683 1396
2924 3865
971 3238
1343 4760
4548 2185
2085 4318
2786 1504
3539 3323
1846 3423
727 1548
299 2722
2178 4927
4370 2237
321 2216
3257 1378
3301 686
810 3637
4954 1883
957 4690
2250 2791
4222 480
1461 4149
4321 3067
4518 1813
1447 2748
2425 2901
3694 678
3100 1008
1610 4435
2891 4426
1255 3027
2989 4992
3434 3723
2463 411
4191 4778
4371 3884
786 4688
1609 4046
137 2532
4875 3158
1641 3880
4150 4278
4745 4139
4902 3683
1150 3784
3527 1306
2682 3284
4221 377
4295 972
648 4988
1748 3138
1120 4232
4120 1883
4470 3533
756 4460
340 1686
3843 2303
528 2861
4840 1225
2555 798
1005 2097
492 3918
2535 806
3614 3250
3007 4996
2137 1852
442 4692
3687 1344
3546 4789
3637 2536
448 4660
955 1293
1817 3064
413 4816
4876 3391
2714 3615
4064 151
1414 1949
4107 998
77 77
2443 1364
2474 3736
1613 2413
1633 3329
523 4991
2344 4374
1667 3031
1893 3292
1660 4317
275 80
4657 3397
790 3642
1594 2479
1105 762
3806 2111
3332 4555
1583 4222
3841 2627
3076 4178
3794 1186
1468 174
382 1953
554 4290
3845 1811
4533 3479
957 491
1843 1677
581 2971
3208 610
4341 2006
1539 1491
2259 3981
551 4469
578 2182
504 2737
2615 3181
4371 2973
4831 2706
1352 2925
1182 555
2607 4990
1589 249
2316 1353
1095 1941
1171 4127
2478 1416
2784 1395
4548 4557
2951 4352
4385 4345
2148 1825
2392 2475
3819 3267
3285 3322
3744 3406
4920 1785
2467 545
4991 587
4599 3497
577 1213
4229 4297
1335 4483
113 1380
2572 1163
2637 1475
2718 1961
3266 2237
3490 242
292 4127
140 1480
1159 2564
607 4445
2578 3521
154 3489
4276 488
148 3597
577 4399
886 1782
647 2001
3721 2556
4502 316
3388 1887
1157 4543
3305 1111
1928 2211
4547 3230
3353 4014
1798 459
3513 1623
4609 809
801 1559
1564 1818
125 3748
2910 3477
3433 4879
723 3758
3385 3135
3806 2912
3767 31
4358 4378
2810 1597
1300 353
3508 1264
1468 868
3460 4072
3737 4249
491 3469
1228 3755
866 4371
4520 1099
2255 511
2810 2296
4869 2852
3914 4178
1903 1425
1516 1467
1170 4608
1763 4290
168 3484
1005 374
3144 458
2924 3622
198 504
4085 3879
4052 2406
3018 574
3480 733
4099 1331
1434 3129
2214 1117
1376 615
4380 3711
3822 4321
2321 3912
1770 4651
41 1922
2344 3065
1868 1827
2552 3280
3006 2553
3684 1657
4733 956
1708 3072
2492 4210
1765 894
3677 643
1563 1190
2814 1995
2348 685
898 3202
4089 1182
3692 2152
3529 2676
144 4382
2979 2578
3062 4324
577 2139
127 4881
2700 4370
4954 2477
504 2674
913 1508
2125 656
4858 4174
3475 3383
2909 268
808 4073
1959 3736
2968 1645
3488 3188
2029 840
3278 3485
2995 1664
4163 4838
466 3167
90 4622
2780 2607
4514 3258
2227 4639
3858 314
1998 1992
4277 3270
921 4964
4882 4090
4469 2476
32 4739
4612 290
1496 46
993 4225
4535 3349
2045 3026
235 2132
4882 1794
3578 2697
1733 4157
1293 175
1645 3499
1294 1623
3271 3488
4931 4022
170 4867
68 4581
1545 1175
1799 382
1112 4022
1303 3955
3259 3889
1651 1718
99 3981
341 1663
804 758
2134 1648
741 4473
3050 1008
4914 4699
4118 4218
4091 161
4872 4227
4415 548
3136 4555
4282 4600
4335 2719
3523 600
1338 1089
3344 2115
4659 2501
3658 2027
119 746
4183 2837
3951 4036
4691 4679
3171 1877
2278 2911
4644 787
2624 768
2337 2619
3473 2792
2441 712
2599 3265
4418 3607
1000 3192
4609 2057
1634 4987
1943 2614
2435 1812
3632 2543
4135 4637
3390 211
2098 1638
1818 3517
1017 1207
2105 3196
2069 2322
4968 1913
302 1575
1575 4002
21 4928
863 2436
4804 1389
3838 4352
1704 1806
1896 113
4917 4491
4497 2049
45 405
3968 1832
4262 3591
2687 3051
474 222
4520 319
431 1221
3064 613
1667 4295
2447 4757
3690 3062
3511 4961
2845 3363
3226 3047
3957 4209
1482 223
30 503
1286 3459
2932 2794
2558 1267
4287 3609
991 814
655 1416
1423 1811
2216 3661
2509 3271
3468 3259
4840 2100
3244 2480
4449 3718
562 2314
71 3140
2035 2148
3268 4252
2590 2220
567 3333
3720 2078
575 2630
586 3734
2146 1198
18 3306
2304 3775
2290 4673
2503 840
695 3683
1253 4412
1437 500
3025 4384
4806 186
78 2401
2713 2489
297 3834
1996 4290
2530 961
2557 4499
4075 4470
1057 964
1605 1835
717 1258
1255 2780
4222 3377
2938 1368
2416 4177
2671 2283
1108 1260
709 667
3182 4902
3869 728
1323 1477
1310 4471
2284 3991
1821 4131
3474 4787
3435 384
2844 1973
1322 4152
1190 4164
1449 792
1664 2180
225 2262
612 3377
2923 1739
3636 921
1821 2616
3149 2438
614 151
2256 4074
1088 2087
3301 4005
