5000 10000 0
2344 3834
238 4528
1678 3704
2956 1982
2940 362
468 1080
2957 4054
1005 49
2013 939
1700 231
1540 1453
3179 3427
160 246
4891 3849
4794 1061
3618 1283
4965 3660
1982 4456
1401 1554
4386 2615
1325 359
3609 1965
496 2251
2117 773
4473 4685
2135 342
2094 3694
1350 4133
2562 364
4087 41
2071 3929
4853 3052
864 2976
1694 3591
4732 2105
1902 4348
4684 2023
887 3603
4914 105
3168 3466
3278 819
3999 3544
1102 4590
1320 3273
4673 1127
3478 3273
4264 110
1395 496
1795 858
4386 3709
372 593
1411 2023
4823 1120
2177 148
2691 3863
3623 2768
1221 3358
2922 2657
2852 3536
3056 3322
4570 760
4497 4430
2779 2314
2422 948
3413 3141
246 3346
4944 1628
2564 4821
2828 4466
3612 2030
3507 4640
4659 2445
474 2641
1472 1827
2025 847
2687 4890
3315 1423
901 4838
4975 469
1170 4440
4621 3177
4837 4310
94 4019
2609 4834
1405 2488
2217 2671
4384 3448
2640 2677
1286 2803
3200 817
470 4402
2013 2601
3258 4281
2091 2891
3535 2111
3377 680
4521 14
4056 249
2216 170
716 2069
502 2926
3707 3890
3688 4139
3943 3759
4335 2278
4728 4509
201 8
2070 1626
1791 191
9 1254
2022 1819
3636 2776
4098 4580
4281 2866
655 1450
1481 36
3770 3458
4049 3
1810 3624
1419 2797
1371 3530
3742 4977
1282 88
4566 3681
3122 3713
1360 1073
4853 398
1842 4195
4595 4104
3133 1760
1221 3801
1998 382
960 200
1311 2385
2933 3967
3325 2420
3415 58
1677 4038
374 388
1702 4108
1331 2877
1701 3736
273 835
3636 1515
2944 2281
3292 4245
634 4509
2821 3022
2955 3128
393 3131
2484 3196
4587 4637
2157 1863
2841 1247
3187 281
4761 4495
3486 926
4753 4716
4678 323
2957 1483
243 1386
1199 548
4726 3661
4963 1917
220 804
1324 2122
4126 3337
1103 2011
4779 766
1377 1532
3917 559
3975 1031
1881 2438
1474 1853
2021 1796
4093 2236
2971 3807
2664 4473
4522 1072
2203 810
1318 1208
2211 4244
592 1261
3602 426
2647 3853
327 921
3435 3130
937 2570
4474 1191
2325 289
3364 4320
66 4044
2997 1791
2108 4461
2373 4367
246 2427
2719 1782
1203 4523
3759 3925
2145 297
2423 2353
4901 669
955 2757
957 549
4189 2181
2902 1402
1235 1034
2816 4781
3438 1360
2986 1694
1135 1505
3302 347
243 3017
1929 778
3680 3498
3472 2147
1086 1564
453 4680
3770 2797
4887 1953
3459 1894
4434 1262
2557 4571
3198 2185
815 1472
3992 956
3338 885
2214 2505
2185 787
859 3470
1425 3282
2616 1466
4963 1526
1938 4250
1003 1436
1821 2415
3089 3625
4284 3672
2431 1799
4822 1596
59 1709
2919 2345
1086 324
2647 257
2422 3161
1210 710
3718 3333
1829 2238
3790 1644
3255 1063
2565 4535
1768 2302
2110 756
989 4193
4023 3478
3521 3963
1661 2995
183 1961
2721 3311
2864 2061
240 2683
1908 938
2012 3322
2296 3487
4054 3206
4401 89
2843 1484
3186 1937
466 4679
2820 1402
3407 4899
1953 1397
2121 4576
2689 891
3547 3922
2847 3826
245 143
107 3350
4100 1905
1983 4756
2828 4287
2074 2337
3484 3984
1890 3298
4903 2506
3411 4455
3960 1550
1316 2916
2807 1670
4163 3093
2674 2195
4634 723
3413 2036
3553 263
1659 4950
3408 1831
3303 3900
4811 1894
1939 66
2436 2815
4123 3797
1961 4228
19 2970
2583 4305
1585 2914
4151 3368
778 1942
1267 4875
3346 4352
737 620
2839 3438
516 3259
3960 2933
3597 488
463 4895
334 4091
1468 3148
3240 4918
3578 1348
4697 3741
1840 439
4948 656
1019 2949
2466 2538
4213 518
3487 1075
2394 702
2370 3073
758 4381
4596 4963
693 3064
478 571
3137 595
3180 1637
3997 673
1093 835
1426 3274
4285 1595
4848 4722
2561 2841
111 1417
2028 3742
2317 2639
2154 255
3748 291
2682 1133
875 1810
2455 2312
2577 1469
372 4675
2166 1014
2048 4675
2121 1526
2347 2995
1660 1960
207 3304
2377 4071
3671 4181
2203 899
2309 3397
3862 2485
3451 380
365 3045
4896 4594
2358 361
4998 1024
2172 1503
4886 2432
4379 4324
3691 2527
1900 4269
926 1102
2864 4435
4788 2975
2138 2741
4720 3217
2749 555
2435 2679
1767 2814
4705 3976
2228 4071
13 4922
3197 2421
738 2057
3878 2390
1139 476
1081 3244
4039 1514
3582 160
2851 2708
2240 3326
4356 4567
3215 3588
4891 4414
2798 4170
3739 2557
2165 4170
588 3955
509 3035
2852 860
4952 580
3363 1915
4142 2044
4088 4867
3016 2984
4658 3097
3673 1252
1137 1147
4656 2755
4753 3275
2296 862
1513 3404
1929 3807
3586 4087
825 93
1565 4847
657 1381
1970 3409
4267 4451
1860 4173
1970 1637
2466 1694
346 3536
4067 2578
4353 2170
1835 2365
130 1734
4416 3595
3824 4768
3791 3521
3708 1492
4474 4961
3767 4423
1203 2998
2530 1196
4954 1675
2011 2382
317 2639
2350 3150
3710 1578
4233 1067
4985 200
620 799
805 488
2931 72
3492 1307
1925 348
4115 4794
4153 1339
4411 280
785 2146
1279 2459
1937 953
4294 3637
2084 2791
3248 834
2729 2720
4434 562
2248 661
2612 764
1912 3510
1386 460
958 2398
3458 1885
74 3128
3008 1958
4497 2056
1374 2553
4461 3736
2780 3946
4954 4872
283 3382
2102 2958
649 2780
629 2891
3408 433
1803 3405
2316 3960
1848 3087
3331 1375
784 2766
4122 3132
210 933
1029 2049
4990 3122
2402 4513
1086 3707
1328 4179
4933 3253
1569 4222
265 4961
2090 1549
2270 2650
694 1695
1383 1997
2151 3523
3429 3504
394 2662
4216 1083
4378 770
3960 3085
3267 4780
904 2901
2675 4551
1023 2187
4545 4057
543 4066
1662 2989
4333 34
93 2821
3828 1453
326 1702
668 326
497 1643
4142 3642
4891 4603
74 4122
4897 368
640 4002
2847 1037
1863 4259
4289 2161
4755 1667
3863 4903
2743 3038
4582 2468
4025 557
3369 2505
3316 3212
3781 366
898 4495
2085 681
3417 4455
2896 2103
4015 1261
601 3004
1680 1459
1078 2187
3040 1023
3836 2113
1847 3651
3898 192
1216 2752
2936 2852
1608 4495
3529 2543
245 1858
726 2719
4381 1139
1342 2056
668 4140
2256 1528
1699 1573
2131 1583
4932 2858
3912 4805
1761 2633
1708 2081
233 1055
2448 2259
4953 4285
2830 329
355 4769
3963 2135
3578 3656
1959 3852
1419 2881
3233 285
959 1216
4554 2279
2571 3506
14 4107
326 4012
3011 4481
816 2220
297 3938
1609 2042
3135 4508
4864 1731
1222 1776
4561 1774
1463 1376
743 1652
2980 3279
4824 3841
1240 4314
4940 3091
2891 2294
736 3604
3314 4067
4533 3343
2208 1095
790 576
1316 557
2250 1153
4153 3717
2793 4275
803 1526
1440 3623
4998 1596
2105 2941
868 2985
3232 4653
4433 150
3908 1745
4874 759
1243 2551
1141 1165
1467 3546
3333 3891
2066 5
2301 1149
1032 202
2386 1252
2817 1170
33 2045
2217 1107
4603 2163
1634 1799
4284 160
3488 382
1749 2647
2154 4689
196 731
4415 2432
4651 4574
3199 2592
1664 3025
2743 4517
4209 2763
3195 105
3038 1493
95 4666
2197 2297
4432 770
48 635
1324 4910
3627 4086
1082 4444
2864 321
3815 2727
961 1771
3675 4166
1308 4380
2774 1362
1138 3917
309 2592
4442 4726
568 4765
2127 922
3814 4048
4016 4266
3486 1389
4973 1430
2617 172
900 923
3517 1611
4485 2870
3079 2107
373 1618
1729 2099
2113 3248
370 2730
260 4463
1288 3094
4723 4190
2994 2999
2561 4214
3503 2976
4064 1456
1270 4505
3287 3327
1958 3128
91 2966
676 2757
2522 904
1418 3438
800 1638
44 1036
3076 4974
4946 296
2997 1568
4786 198
3696 3049
4135 4846
4252 3128
479 4221
2947 4411
1904 4805
4638 1266
1164 1974
460 3732
4328 1052
837 2782
3801 1374
468 2756
2286 4991
4002 594
2633 3147
3382 1616
631 1950
4600 1896
2716 3396
4481 2186
4614 3920
1600 3694
46 2960
3803 913
3637 224
2356 598
2080 3676
1559 3847
290 2606
1855 2839
2432 4223
3872 2769
3886 4624
4695 440
2896 2520
1575 1057
4708 553
4362 1732
3476 1606
273 3397
1400 4091
2322 4142
1601 2784
3470 858
4817 2020
3625 2355
304 2543
3698 1455
258 3448
903 2228
3126 233
2931 3061
4106 799
2476 4395
164 2293
4929 3718
4068 4143
3494 2083
1867 3897
3705 2140
3001 2764
2872 4179
783 2612
4291 4600
4245 1285
1543 202
957 2118
314 1351
216 2127
4761 2739
1300 2172
2141 4199
914 3191
1317 4112
2561 48
466 2235
1842 3816
2423 558
4322 2112
2472 3227
2887 4955
3891 4101
3715 3147
615 4116
2014 3445
4369 3052
2649 4198
3975 2368
4513 2476
840 4122
3338 4554
871 2309
3768 3063
780 2689
2339 4316
3353 4205
3907 2896
1612 4460
1219 4975
1187 271
3743 1757
3256 3093
974 3587
2538 3014
3636 4978
353 4148
2458 4063
2010 838
3234 4857
8 90
1680 4084
4535 2792
511 2806
3802 900
1739 1636
540 464
2606 138
3694 1479
1344 2566
4930 2998
2211 484
2690 1272
4333 4128
2901 3545
1376 1177
2153 4272
1973 3707
3258 670
2808 3380
2376 3010
2638 2524
3592 4859
87 2660
4577 124
4452 2904
3025 3955
433 4807
4270 4270
3521 3452
4074 3647
3292 3878
1680 1793
132 3517
3074 4700
3142 4877
3467 3426
2689 2926
669 3659
3932 3220
1802 1926
1333 1184
3589 4827
3733 1109
2687 3252
4406 1382
1935 3259
2758 148
2546 693
4572 1348
3009 3597
996 4603
4803 1913
2951 991
3156 1574
3696 869
1624 2508
2900 2334
2982 1369
1389 1832
1466 2137
881 4364
3876 4449
2782 4075
912 3105
369 2239
4714 1329
4692 2305
2072 2512
4900 1756
3500 1732
3501 1391
2073 2551
4265 408
3251 2120
3448 858
845 2247
1283 1816
2636 651
4358 493
4081 3416
3062 3163
1463 3494
1751 4341
544 2981
4287 1883
2245 2540
1340 2487
3120 2338
2562 3850
331 2348
1837 1099
4716 3860
1364 4586
2276 2002
781 4538
1324 3460
1062 3943
1947 2018
2730 451
1464 1744
2332 1580
2034 1917
4618 4935
507 2590
3130 4035
18 1080
2619 2175
1472 2739
2352 895
2186 182
1874 3338
4337 2010
4879 457
1396 4909
148 3572
1975 3697
781 4285
4535 2976
200 380
3114 1844
4006 2602
1816 180
4083 1369
606 4749
3862 711
875 1327
4336 3071
3449 2244
1383 339
4170 4500
4681 3015
3703 2956
114 1416
4333 4377
72 3983
2343 2370
781 1756
986 4954
83 679
2689 3589
679 4045
3878 2774
4524 1487
2046 407
1002 2063
4586 3178
1403 3894
3829 444
1293 2991
4860 3727
1781 4979
3951 905
1689 2733
2386 2434
3883 1973
2160 2632
657 2421
1895 603
1234 2444
4841 4050
2286 3326
4604 3246
3100 3718
1449 147
1025 1157
3524 4534
2859 2713
4431 3541
1672 2550
126 113
82 730
1750 413
2130 4762
3584 2706
1939 2722
3359 1313
909 4876
863 4174
3910 1410
3972 4604
2502 2188
1586 1445
2835 3769
2737 4764
788 3968
1651 4930
2225 1453
1052 1420
95 4042
1782 313
1240 2558
2570 3066
3147 3003
16 1464
2435 4385
1853 1822
4322 4842
1138 3021
2132 1954
364 3938
300 2134
2693 4869
2789 2629
4973 3317
3690 3020
3908 3721
21 576
2081 416
3250 4338
401 1458
897 3991
3483 2808
1743 574
2669 1731
2724 1740
443 3833
2289 520
4035 3929
3867 3187
2266 1311
2656 1797
3897 1833
3467 2060
1728 4111
3897 4986
249 4026
1583 1991
3196 2929
230 1512
2913 4201
3546 4946
960 3108
2626 3929
1930 18
4418 2809
3620 1805
1386 3950
623 1377
1750 4608
4915 355
591 2958
4486 30
1184 910
3874 4525
852 4693
4147 2349
1353 2768
2738 3995
1144 2931
1489 1623
2745 4179
3588 3552
2521 1720
4187 4676
4124 1476
2107 4404
4472 3491
601 1421
1854 1072
2672 906
3339 1717
3656 2754
956 3684
1688 1841
3708 1646
3550 2783
4023 45
4895 2002
4940 960
704 298
3818 1619
4207 749
4152 2404
1992 4894
677 4536
4704 608
1361 2335
2854 3095
4390 2558
3523 3855
2899 2354
312 2911
1369 1752
4713 1044
163 4060
2600 760
3974 3507
3058 4399
783 2880
1037 3353
887 2952
2285 4616
1176 1237
3182 2113
3159 50
2655 2429
820 2337
1242 3074
262 3575
2880 1968
3514 3571
2549 2881
3761 2276
1578 2399
843 1092
3799 2043
4665 1419
953 1740
1987 3621
3852 3376
747 2906
4351 4725
182 1751
4973 240
1207 3015
2486 1692
3466 2272
795 4628
4558 518
2879 1985
4693 2721
2393 150
279 1507
2994 3842
1336 2902
3865 2132
3469 1531
2678 2058
753 2589
1393 4463
1692 4284
546 1587
2232 840
3466 4382
3928 2973
4180 2380
614 537
4523 1137
1297 826
2406 237
4474 3741
4415 4258
4063 3696
2672 3648
1496 2854
4581 2973
3318 265
2263 4898
664 4265
3497 3659
4214 2379
942 1399
3065 2487
3313 61
1806 2190
4729 3182
3321 3274
819 3681
341 4894
1303 1129
3496 49
2216 543
3385 2505
4411 1381
352 3075
2135 924
3243 76
2407 3482
4305 4600
4862 2784
2098 4706
3287 3317
4431 1826
784 3447
2510 957
2934 85
1448 2943
1734 1801
1229 3868
4457 3876
259 2584
4659 3314
322 964
2626 2768
2375 4354
3305 340
2509 3802
1387 920
107 519
3128 1801
785 1272
1220 3374
678 1111
1145 565
518 2169
466 4660
3620 2407
1934 2066
4746 1537
4866 2257
1622 2556
2694 1967
2816 692
616 1926
1207 4348
1309 3712
3599 2234
602 3071
97 1248
3537 736
1843 981
1941 6
2095 3620
559 1214
3303 4524
4810 3622
4161 3171
2927 1203
2891 3891
3224 1364
339 2765
1808 4651
1721 4134
3861 2343
1733 4777
3252 3332
112 2633
41 3188
4333 2763
258 1841
3391 4265
2356 4426
4521 496
3854 1992
1451 4155
893 2686
2503 1122
916 4568
870 3748
2120 2660
419 3505
1390 1740
4437 1187
4579 2552
3084 129
3485 3221
1400 272
2830 4406
3902 2611
1428 3145
1121 1337
3128 732
2883 4381
373 3520
1973 1431
2735 1350
103 1954
516 304
2072 1099
801 420
225 1110
624 4553
4682 4834
4074 3115
2858 3304
4083 411
1641 4099
232 4670
3597 1129
3545 4256
3663 2143
1683 1596
4149 4938
3627 1476
685 3698
3501 3734
3294 2559
3492 3456
4323 1206
2821 1146
2415 2633
1978 2757
2504 4288
1123 3033
2095 310
943 2898
2474 748
1860 3554
715 4732
2118 513
2593 2387
296 3646
3514 3323
4231 1323
2997 2513
4462 4866
3813 3527
1452 490
3794 3073
1210 1487
4326 1499
2969 3545
2965 705
4355 3512
2763 29
2877 1616
2148 2212
1994 2222
2318 3005
510 4155
4497 3933
3033 4010
1159 1370
1552 926
1170 3155
350 504
1311 4339
3862 3938
1327 2124
3895 4382
576 343
3388 3489
4686 1590
1668 1045
4482 4197
4435 2188
3702 230
4919 4599
2473 4955
219 836
1261 3449
3242 1396
1843 1904
1029 920
1899 2133
2490 1903
3199 4326
21 3012
630 1567
3480 4085
822 2803
4095 3109
1051 3326
4734 3009
2907 382
2848 2312
3917 1647
127 190
3255 4196
187 1667
1691 603
2789 3715
2548 4372
693 335
709 1404
4904 1791
2 1087
2187 2071
1770 4513
1430 882
4929 3870
3899 3867
4103 493
2966 1722
3227 1379
3224 357
4536 547
357 4260
1270 4203
1214 2048
596 2837
1881 4387
2083 3673
3359 113
1962 1774
4530 2606
1690 4338
603 4500
721 2646
1516 4397
1306 3794
3186 3153
1502 2866
4420 1372
2916 2959
866 2349
4738 3850
4895 4855
2652 1121
1162 3725
4213 3877
4603 4846
1033 4889
385 1257
999 4814
4904 611
3727 2262
2 662
1196 4192
1308 4527
2173 3676
3945 4721
3636 2514
2976 3147
1648 53
1961 1231
4851 4372
4063 227
3042 1054
785 1968
3351 4920
762 2381
3002 1981
447 3177
603 1413
1996 1642
3339 1119
1631 2709
4920 3905
3675 4904
3891 2469
535 865
642 520
3583 745
1508 4053
2814 3556
4213 4549
2743 636
4456 1690
4151 3246
2881 3364
472 4485
2488 2702
3299 2266
1694 3845
4434 2043
2424 1300
2958 641
2403 3355
2225 1665
2819 2504
2235 708
3688 1115
3959 1748
1723 1957
4685 4043
3335 4311
1450 1716
3119 4156
1315 3923
1909 3756
2675 2473
1216 2445
1780 1210
403 3944
3874 2980
2503 2853
108 677
3978 4990
1325 432
15 1253
1179 3775
4255 40
528 3865
2818 1293
1931 3117
4318 3861
4472 3348
3612 1073
2433 3025
4840 1571
4227 2460
2802 494
191 541
686 3223
1833 1111
3195 1516
3773 1685
4707 1464
54 3667
2016 2013
4859 840
3587 2773
3783 3405
185 4295
1544 3124
1058 1802
2499 4477
3088 2118
2189 1946
2048 658
220 2447
2237 2493
4694 3541
713 1528
418 4057
1534 4376
2164 1248
586 2145
940 3182
4518 2076
1504 4489
1009 1003
4875 1471
4118 1178
4085 225
2262 398
1846 1364
4705 2532
157 2184
1521 982
2898 423
2520 4277
4467 4643
176 1270
2297 3417
721 4094
2346 3815
631 1821
3473 410
901 2842
4442 1288
1973 2575
4765 3197
3285 2376
949 3639
246 121
2167 4815
94 3106
4847 4091
4296 2943
475 4446
4022 2895
490 272
3560 1160
3886 2958
2419 4007
2900 1183
3842 2186
2033 4018
1860 4754
1531 312
2408 4605
4725 1471
1506 3751
322 1758
4322 3758
55 1243
1239 3994
349 2179
3993 4617
3472 4121
4142 1768
2019 679
99 3308
3442 3617
3548 789
2818 684
4755 3959
3246 1196
1306 4372
555 4009
3762 1658
4189 4208
340 2820
1697 106
4793 4159
3586 704
2640 3787
843 2629
1618 4399
1570 428
1610 323
4773 3470
3321 4159
4181 4323
3433 3503
1294 1166
924 4962
541 162
2446 3986
4050 4257
92 1110
84 3869
2450 1189
4920 3223
2250 4048
654 1719
1974 1114
2967 4738
2606 2812
3752 2683
33 3397
1167 209
3151 244
1606 2631
3615 4134
2047 1719
2183 4860
3018 3090
767 1849
3559 2786
2048 4238
4407 3628
4765 4650
1314 4033
163 2030
1109 3967
2689 967
1379 2359
297 2887
3873 631
2313 1382
112 2471
2671 4521
1383 2157
1162 3879
3939 3420
1242 1936
717 3304
3932 4907
3786 2470
3276 3590
3814 1339
2144 2247
249 1671
1515 1313
461 906
375 4729
2935 4600
1669 4670
2031 249
730 495
2006 4477
2658 2122
997 1353
4429 2113
3556 23
2061 1017
259 4579
2588 3995
3152 495
2064 426
2431 138
1245 3260
1279 3496
867 2360
4271 1483
2699 686
1967 3568
2923 2252
4083 4135
4801 4828
4313 2627
943 2811
332 423
2027 2669
2709 1424
953 3682
4522 1181
4209 3852
3340 2652
3990 3267
4577 128
2815 100
3913 1548
4740 1228
4038 1002
4661 3486
680 2289
3446 855
2023 776
3440 4614
961 4630
2797 2849
2261 3679
2485 3820
4856 4139
254 1953
2738 1867
1400 4233
1449 1412
3581 2010
2003 4736
638 602
3833 2435
866 3817
864 4240
1704 3531
4699 174
2976 1197
1196 4560
560 953
4191 3495
1572 663
4096 3375
4494 2215
309 4218
4540 1392
2483 3812
578 2432
4582 2357
3939 3180
2917 3708
3087 1711
4852 2740
3707 1945
3659 828
4859 3143
2419 4859
1335 4821
2023 86
823 1568
534 3470
2565 3513
651 2815
1191 2405
4893 145
3486 1042
4701 1572
109 2126
3654 4536
3288 4353
1755 4333
3730 3262
2208 4345
3701 1322
72 240
272 391
1637 2643
3952 4725
4135 5
4696 4780
600 4890
4775 1609
1417 3294
2526 231
1531 2199
2842 2676
1909 2503
1668 724
3251 409
4759 3700
75 3394
1002 4101
815 2959
3705 2811
1278 4707
1160 1585
4971 1152
4156 1442
1936 4457
4898 2295
4931 3770
2619 2390
3434 213
2454 3765
4096 4887
246 4778
294 4881
205 1990
4413 2650
3856 3819
4126 2180
386 2721
4231 1350
4174 3746
3122 1136
393 2109
877 1772
4654 2698
3312 1830
1145 3681
4877 2281
1190 4379
1613 2940
62 1367
3151 623
804 3602
1989 1621
1571 2622
3355 1694
4778 3404
2122 868
1640 937
3340 589
3775 2553
4422 3404
3076 3060
568 3083
1060 2764
3000 849
4612 3341
3121 3247
468 1862
2222 4769
3787 2763
3296 1640
2753 3303
261 2385
1258 780
1639 93
2420 3543
1339 4945
4138 147
253 3123
1736 1955
2491 210
4170 1906
4109 1961
156 4901
2344 2740
155 461
1377 1753
3721 3864
4145 4383
1455 676
3758 1147
1229 1309
14 773
1122 2262
295 2065
1111 4963
1234 749
2093 1637
4241 1880
3144 1223
1232 4795
877 4350
2066 3211
2697 1029
1394 859
523 4721
1064 758
190 593
1539 3751
4862 4957
4484 1315
4724 1612
4166 1088
4620 1467
2176 436
1893 1064
518 3226
1374 3938
515 905
2366 4068
1369 3343
1421 4574
11 1426
2344 2986
780 1828
814 1946
478 1499
1864 1780
212 1706
4698 1139
2167 2867
2967 4696
3113 449
789 3674
3170 3624
2254 1736
1569 2561
950 4018
2257 4351
4349 4744
3680 3783
3530 4413
3898 4757
191 2917
1928 3475
3238 215
2899 3481
3745 4981
3414 2544
3038 2405
2257 3730
1469 458
1607 2167
4838 1457
2451 2781
1701 3507
55 4288
1585 4506
2005 2869
3088 4458
375 2259
1808 262
3310 1332
3803 516
4589 997
2253 1472
1312 635
3769 833
1052 310
1695 2069
791 1031
1493 2819
1776 3147
3148 3332
4689 4357
1610 2159
3550 4855
8 1055
4254 2160
249 631
3862 2394
4350 1701
2941 726
2809 1762
3144 2629
1404 2711
4761 1513
4411 1912
2220 2240
397 1830
4433 4055
483 3294
1797 3316
1229 630
3456 3000
288 2373
3737 2836
984 4690
4110 105
4543 3065
3085 216
4712 4201
2423 4381
4332 4609
1960 3699
1644 2968
1401 976
1003 1261
3368 1593
2196 2142
364 571
3678 4483
4503 3756
109 3374
3525 2250
2418 2123
3176 3758
2823 3757
2776 1516
2523 986
4380 232
4720 2269
3257 2398
3115 4316
1294 1538
4868 2891
3899 4919
4387 2528
2065 2100
2624 3658
4120 3660
4307 4842
2071 145
4459 2514
2753 1036
4185 2301
863 4878
3816 878
4555 2415
1863 301
3332 3796
2258 333
4057 1868
3905 771
678 1319
2042 2498
4666 1032
4340 1005
296 1619
1261 3185
399 1167
1232 4979
3686 2081
1938 3806
2754 4052
2343 3160
3154 607
1299 4048
4461 4775
2504 2465
4655 137
3899 4019
3115 4218
2068 1778
3006 3528
2286 782
343 3089
4525 4191
1280 2483
845 4311
1631 3876
2825 4315
3758 2327
1090 2469
4646 544
3289 2470
1512 4733
2612 1444
1754 3057
4536 4695
1389 2581
3846 1837
3186 127
2252 1569
4328 2291
4469 1928
3203 1871
3168 637
209 4616
547 2933
4964 4214
4067 1707
1271 3987
2221 1298
1980 32
682 1711
1964 3310
3807 4101
1951 2374
3871 3536
4465 1857
729 1135
4832 173
2444 3579
707 1996
15 4092
3440 2985
4314 3051
699 170
2804 4983
3409 993
1087 2989
3397 2035
1838 365
4291 2747
1723 657
3324 130
4246 887
3504 76
71 3625
2351 3271
4450 3451
2947 4319
4330 4854
4995 3365
4080 284
2700 286
2763 4184
1622 3511
1569 893
673 1157
4911 4429
3993 1791
2669 2408
3387 2200
2080 330
370 4096
4079 1640
2338 3655
2739 3179
2020 3339
3314 156
4369 4078
4362 960
102 1366
2839 3913
3182 4508
4295 4077
1037 3777
2005 4910
672 3670
4603 779
4014 700
4751 2483
4054 4164
1242 2156
482 3662
395 5
2168 973
199 640
26 1376
909 2742
4687 3327
4759 1023
2858 4686
2577 4280
2667 4308
3825 2395
4669 1600
588 4713
4320 1156
2047 3352
1299 3412
4062 4165
1130 2910
691 2871
4005 1956
149 2006
1345 3929
4737 683
3110 268
494 1264
857 1076
4174 2336
3080 2118
4871 887
235 2724
3337 1418
2802 2234
2604 4616
3168 4745
834 499
577 4568
1648 3181
1191 2505
3566 1488
4909 543
2985 1864
2769 2196
2718 3422
4009 704
4086 4308
678 2299
956 4715
1424 2217
2765 1418
2816 1886
1256 277
4461 3719
3824 4898
1680 3836
2162 3998
3434 2915
2910 3889
4238 3707
3105 2041
3055 1051
2401 2170
1916 2294
953 64
3939 4667
3418 2362
2510 2259
690 4113
225 4939
2729 2103
3089 3573
2524 1348
4013 4586
1057 1112
1933 4945
1281 3458
1023 3055
138 1254
4287 3825
3799 4657
1854 4740
1085 3683
801 1432
1647 4578
32 3617
3189 3259
2884 1797
2417 4709
255 1751
4117 1979
2409 446
1130 4301
2089 3855
310 2767
2231 4307
1912 4933
615 466
2791 1090
257 3741
2172 1822
1720 4352
97 3012
4588 3179
146 3272
2600 3016
2940 2779
1894 437
780 3606
971 1777
4686 4217
2702 3529
330 2313
3414 25
2813 4931
2497 3312
2394 457
974 2868
3278 2977
4083 2724
2497 4842
1655 1016
493 428
4004 4985
3026 2771
4282 4637
4290 363
1343 3403
3820 3319
2350 3568
2306 3214
4434 1742
2822 2924
2685 3997
3060 2408
818 4667
3249 429
610 2078
363 2117
393 2027
3180 4814
4084 2616
1457 3695
3984 4293
1817 4080
4062 3827
950 1880
4633 4433
1100 2435
1038 646
1911 1559
1031 3344
3985 4394
1358 1236
2569 1538
739 1876
89 4204
2468 842
3628 545
1612 1745
4411 594
145 1483
3155 4500
4251 1041
2999 1370
2215 980
2719 3157
2070 2191
2318 3916
4329 3274
2439 2700
949 1572
1674 1369
1451 4461
2766 1669
1926 3965
1101 3041
2685 4083
589 2348
1202 4141
927 1917
3345 2231
813 3151
4294 249
4668 798
159 67
3698 2499
1289 4403
177 3849
3536 82
4684 3530
4947 86
1386 1686
2876 2852
1906 4054
201 253
369 2524
1082 4889
3262 1809
2108 1862
2009 507
2932 4259
3635 1482
4018 154
3724 4303
883 1531
2208 863
223 1451
3852 4246
3503 3596
2435 3509
1342 4806
3924 1267
3458 87
951 3814
4255 4010
3142 2624
1228 2463
2484 1280
2573 2793
1840 3382
677 1759
1982 4529
3375 4059
3676 1994
1943 4890
175 2718
3739 633
1670 1002
356 4562
1092 1545
3555 1243
4227 4602
3102 624
4231 2359
1695 558
4878 2299
3267 2342
3477 4967
3716 4010
812 4939
1275 3637
4738 4541
1861 4208
4860 3988
4681 4317
2572 2613
4214 2667
1075 2951
4509 4410
854 3854
703 2419
1501 3368
188 2497
1173 4786
2266 1686
1723 1951
717 2476
2868 3873
3449 1068
2661 3781
718 3078
220 1482
2101 2898
1720 1890
3540 1934
522 421
1266 2109
2588 4377
3383 3292
1285 311
1868 2573
934 1002
3270 1292
649 3671
2066 521
1101 2783
2835 3285
562 923
4932 1070
2857 2645
499 1517
3618 4444
785 3057
1091 2503
1857 4041
2702 3772
1670 4630
4931 3976
4652 77
665 2092
1590 4251
4745 1684
326 1260
3172 2371
3723 3425
786 3696
3494 633
3679 3941
1771 2895
716 1024
4584 1527
4590 670
4901 3497
4177 4800
3803 236
3835 167
2567 2446
2905 3543
45 4153
3039 2127
4338 2321
2647 2813
4073 2607
4344 1379
3508 502
4460 4771
3974 4046
586 1410
858 2429
2720 278
3508 3055
572 1366
2534 3578
3812 2534
2305 1550
4322 2555
4255 2271
4969 1433
3189 3963
782 2328
2974 4179
3375 1250
215 1624
1221 2312
3270 2544
3839 4605
4248 2150
2566 169
641 4863
1454 1316
359 1100
4935 734
2403 3000
4828 1316
4968 4011
1213 1949
2342 2947
251 4160
2713 3442
3283 2265
2992 3905
3143 4958
960 791
3359 2246
4677 4861
3222 3668
1570 1072
1364 531
3266 2116
4365 4691
2060 2350
2534 1921
790 2197
827 1140
1435 93
3505 2884
1739 1526
3198 1018
396 3931
3010 700
3810 4996
251 2227
4170 2903
3234 4970
4847 1537
3606 1800
1750 460
1023 3041
1109 2834
4496 3068
4848 828
4636 2636
3969 4393
4773 1049
238 2462
4346 4855
1024 1599
106 3409
1364 2827
2689 524
4183 4298
4574 2236
2683 252
4351 4891
4403 1099
593 3389
4394 1562
1808 3807
2220 900
188 874
4270 4613
1261 3457
3007 2941
4488 3144
4071 1358
1607 1889
565 84
4633 4330
3446 4018
815 3532
1646 18
4050 477
160 2461
4442 2109
1242 3466
1438 3874
4250 2032
1203 3088
3217 2330
2404 2446
331 3430
4502 2346
3530 2740
4219 2031
1404 4169
3323 3151
157 2217
3426 3547
4852 2161
1314 2656
386 4583
662 3107
608 2375
299 4407
1789 4808
462 2752
3678 2858
2718 1990
4430 2759
4007 3969
2364 1144
763 977
1469 1326
463 2168
2643 1413
592 4514
445 2561
4485 4656
167 4610
1346 1026
2362 253
721 912
2519 71
47 860
4585 3831
2674 3804
104 869
4372 688
2158 1600
2924 1944
1594 1423
4232 4122
4469 2024
4487 969
3344 4278
4921 2962
509 1944
1004 4590
1319 881
211 1525
1701 976
3696 1968
4172 2892
2080 4429
3429 1259
385 2241
533 2300
1142 4476
4569 3796
2747 2646
157 1862
1950 1159
596 404
4088 2224
278 3475
4926 3520
2830 3056
2900 1165
3503 547
1267 1372
4036 2494
2479 898
3676 2378
4892 1852
3220 780
4311 4963
938 511
1393 162
3442 1480
4992 2875
2333 2013
1565 1949
3267 4207
30 2668
1807 166
3404 1283
1479 3917
1840 3633
3431 1696
1912 869
478 2181
663 2623
3532 3716
459 1270
1036 3271
992 2902
362 3985
608 1399
3699 256
1603 2393
2379 1310
1321 1836
141 1824
648 698
2577 27
4058 4469
1200 3476
4743 4637
507 2310
4144 1567
804 945
475 518
905 226
4561 3971
3689 3957
2350 910
4804 4538
3804 4764
417 753
339 1815
2137 4425
1658 1155
703 4261
284 4277
1292 91
4329 3786
1985 2850
1229 2792
1399 662
4471 1663
3781 1412
2852 1150
267 2705
4180 1876
1576 895
1775 1242
2540 1643
2736 2904
1033 4743
4684 3125
274 4723
4487 3128
497 4340
2886 630
3291 642
3750 1643
3163 3811
4141 749
4874 1002
291 3095
4676 1142
1775 2802
4336 3220
838 3895
4418 4077
3931 295
586 1751
733 3853
1823 1210
821 417
4323 3181
2547 3647
439 2703
1412 3347
4427 2033
4358 4494
4128 107
964 3202
502 3573
2367 2414
336 1878
2512 4882
2134 156
287 491
4325 3271
1124 4661
3884 4160
938 4770
19 1977
620 800
4925 4244
87 4462
3691 4336
464 4113
2887 3716
4460 1217
4561 3774
4322 1563
3473 3225
3704 1620
3930 618
3372 4551
952 3789
2752 1251
2395 3204
4918 1479
667 4367
1443 2912
3647 1519
1118 3991
1236 4664
2085 2580
870 3436
936 4787
3788 2
1656 4295
2532 3057
178 1391
1689 252
3679 2660
4266 1964
2490 1601
1536 4834
2649 2428
2812 3324
4633 1253
395 732
1371 305
4482 65
1635 4007
1828 240
1627 4054
371 3346
1645 3691
2871 4411
2399 310
4171 225
2383 1360
923 2575
4065 1030
4645 3754
3143 4430
1513 2754
4205 3146
3787 1485
1187 4291
129 1365
3233 516
1382 6
1992 1943
1682 4714
1424 2787
4823 917
4104 4796
4629 3075
283 1535
2526 4390
1971 497
3202 1156
2222 1613
3774 1176
875 3707
4051 693
1998 3623
2702 4234
4506 4659
4004 3705
353 3882
345 4202
4698 4072
3362 2393
2886 4745
2382 3511
4620 4008
136 3037
853 1670
2832 3287
2720 4585
1127 1658
2012 2826
4685 540
3515 2693
1782 3957
4126 4362
435 2000
1371 2940
4367 4488
1544 1472
2554 1831
1708 3355
3591 4865
3913 3203
2383 3658
4571 2343
267 1955
3403 266
1375 1884
3973 1688
1815 2725
1681 4641
1949 4829
4454 1094
4923 3963
1349 1050
3926 4219
450 4749
1087 2689
3579 3049
955 43
1505 1592
4720 2374
770 520
2970 1992
1796 1920
435 2290
1277 2677
990 2164
1220 2613
957 3615
20 4137
4843 3076
3168 2190
4207 64
2127 2144
3473 2082
409 1330
2758 3954
2776 4979
1263 1485
2852 4690
1460 4868
4896 3531
3734 3630
2928 3920
3601 2237
4253 384
3493 2256
1787 4682
2437 3176
244 4476
1968 1560
780 831
1136 551
2704 199
4128 1100
3719 2926
2343 1012
1758 936
4590 3184
4352 2033
1933 2534
3960 1490
3159 946
4849 3725
2176 951
2536 4678
379 4542
1090 3261
1031 3446
4245 1402
769 3368
474 370
3077 1915
1986 4325
3351 4040
4782 1273
821 2578
3750 3141
4279 644
3881 4707
3254 2271
2334 2953
4414 762
602 3394
2805 2184
2123 3280
2303 3283
1735 18
2639 558
1096 2508
1345 2596
1793 4544
890 1587
1577 2845
235 775
4432 4064
2797 521
2567 3901
1496 708
1520 4606
2664 3069
930 2369
1056 2118
1830 4367
135 3092
306 1247
2230 577
1822 4872
2473 3054
1886 2896
2787 2549
4715 3519
2283 2140
1232 1734
2839 1164
4879 876
4809 3961
2678 577
2226 2155
3043 2493
3842 1376
2587 4628
238 1162
974 3284
4749 11
1834 2520
2530 2702
1893 1187
470 3886
4910 4764
2830 3908
2413 3242
4181 1749
136 1826
1889 2337
2901 3037
4519 3704
256 4244
3612 2669
4690 4746
3969 4244
848 3357
1990 4421
1640 2756
1314 24
1988 3740
2916 2307
2804 2680
3114 1233
1232 3814
1706 3203
1275 694
3559 1666
4150 4293
3638 2077
187 2845
807 4778
939 3423
3508 2249
2417 3927
1150 2953
2944 3407
2562 2368
3240 1669
2881 2099
1248 128
1311 3365
2193 3514
575 163
4582 2059
4006 1407
2056 1995
4358 1631
799 101
4946 1181
2343 4447
4885 122
11 2180
1175 1808
49 4511
473 747
2438 859
2550 1710
1368 4089
3026 1715
833 1498
573 965
1632 4809
3179 1321
4314 2409
2839 4914
745 3386
2731 3067
4737 1849
4216 916
1469 2854
3240 526
1727 4614
3473 3456
3330 4378
2620 2095
3863 3663
750 156
1113 2473
3803 1894
2475 751
2819 4122
4928 2010
3320 3920
1176 2085
4776 4218
4598 4961
2729 4272
504 2177
1844 4530
2104 30
4781 4981
3944 3215
2959 4330
2053 1916
503 4782
4072 630
2333 4159
1133 3548
2172 888
522 831
373 4307
4538 4358
3817 93
1041 2348
3602 209
4352 957
1856 3889
624 1160
276 3765
1423 1129
1695 1124
2143 1469
4490 1719
2986 4004
4756 4739
1536 3940
260 2968
3605 1446
4087 428
1774 1453
458 2597
4017 670
977 2638
342 755
3812 4847
2229 3880
3572 1172
394 913
3924 816
3869 4737
2361 3020
3800 3064
1138 3123
4616 2355
4064 4824
4057 4872
4509 1987
1297 523
1660 4587
1416 4883
1149 1845
2811 3241
3927 2616
514 3823
1742 1515
2117 1174
2619 2428
4293 12
286 4430
4581 4293
765 1153
104 3396
3084 2788
2588 1573
4482 596
1775 2700
2258 587
409 897
4355 96
941 4165
2226 4837
2844 3114
2964 2284
194 4566
3080 1402
4355 280
843 3637
4889 15
1910 3048
36 909
3258 444
1353 3692
2014 769
4565 867
3196 1411
2229 579
1632 1047
1415 1079
1778 4682
2896 3225
4793 2711
4532 3822
4681 1037
3922 3457
2327 1839
3660 1592
4147 253
1194 3613
1242 827
4998 3759
1613 2315
3017 4299
2090 4733
1410 48
3867 2972
4664 2937
2642 794
4624 2436
3963 2752
3571 2001
4118 1711
3111 4713
3182 3390
3251 955
3020 1540
3953 3174
4965 1297
3065 4267
4271 1574
935 2519
3105 843
2669 3553
839 2429
2487 627
650 2931
4786 4987
3533 2878
2607 1325
2721 4254
2688 1019
4747 2322
1437 1698
1125 4976
2614 1328
1906 4914
4651 3188
2002 4610
2267 970
468 2956
4759 2562
4991 2318
4407 2598
4674 583
4711 4457
2708 4496
2113 3760
177 3772
2459 1472
655 1266
2122 160
2118 4271
4690 2410
1977 691
2857 84
3861 3486
4003 4380
2273 858
3595 1378
4595 932
1287 3800
946 4931
4349 379
1283 17
1565 4256
700 1941
2217 2514
1242 658
125 4918
1765 711
3166 829
3436 4423
617 2736
3208 422
1252 545
4747 934
2465 2392
4014 2464
547 2258
4500 3467
2833 4624
826 355
3652 485
1388 265
1068 3366
961 4476
829 2038
3448 3859
2844 1698
3594 2360
2161 4781
706 2446
4294 394
859 3624
1544 1685
3461 1817
3268 4463
4635 2673
160 43
97 1699
2073 1860
2680 2197
4420 933
2026 1159
1200 255
1856 4031
4616 2483
1397 2431
3355 1694
2554 736
3111 4244
814 115
2773 3348
4732 4666
712 3467
3601 2533
1200 2185
3025 3006
3993 2045
2899 4246
1189 518
521 2105
4743 1785
3621 3614
1237 3646
546 973
3082 4827
409 4084
1051 1816
2201 465
266 1585
2337 79
4845 2726
1153 4202
4958 1705
21 1686
1054 783
4211 3903
4493 301
3563 4049
4017 2058
1829 3730
2480 4625
3503 3122
2070 520
436 2648
3240 1281
4045 1030
1159 4034
4803 1674
436 1411
135 895
2188 151
1875 1590
3373 2588
391 1291
2461 1902
2536 3967
1062 2602
4456 329
4405 795
704 3511
3380 3890
2003 736
3466 110
4122 3748
2430 1532
452 2218
134 494
3401 1410
3671 3976
334 4409
4208 4341
1992 1226
128 898
2398 1618
158 962
2083 4103
3160 10
3303 4702
2247 3495
972 3691
2339 4240
2073 1671
1320 3520
4372 3674
412 1508
3406 2248
329 1034
2480 2368
4000 56
998 1918
249 4964
2912 1341
2720 1504
3080 1233
3256 2297
977 1244
4728 2386
4564 2642
2568 2935
2202 2824
2250 4874
1405 4644
949 3586
3054 3290
592 70
4259 4940
4193 3320
2461 3845
4131 3180
4825 529
2224 3881
1266 2490
3818 4172
4076 1108
2861 3064
1597 4074
1609 2660
4559 1256
978 4164
488 1268
530 2156
2971 1592
2074 2513
2225 1343
1380 1617
4168 3642
3096 1582
923 3615
1465 3604
3287 2844
170 2981
1894 1690
1817 4569
2144 3146
412 4218
267 2848
1348 19
2745 3056
1825 684
2462 4026
4632 2437
3494 1579
2515 3985
3089 4904
1300 3700
3237 3532
1137 3711
3038 4700
1226 2479
496 122
4639 4655
4715 465
1679 1371
156 4998
3108 3520
3604 770
2428 4489
2955 4092
1108 1826
4782 3303
4994 3534
4031 4262
2622 1266
262 3132
4364 2318
4491 4674
3998 22
1784 4683
874 2316
868 2107
2554 694
674 3760
4104 1482
2378 194
221 4668
1625 1776
1149 3287
3903 4543
1867 2509
3208 1251
3628 2470
1931 938
3318 2422
2213 1750
4211 3971
1667 1036
2394 2261
439 3285
2317 4111
1322 3536
3011 1337
2322 1540
2246 393
4445 1644
265 4354
4665 3429
3358 2498
3804 3779
4549 2274
270 1112
282 2700
4151 2167
2886 1509
376 2021
2261 4798
193 1696
3239 818
3287 4544
4714 3159
4607 3866
3082 720
1528 3901
3252 4895
4789 958
2690 2643
445 4060
262 3496
3614 4677
357 2118
4958 1516
1378 3708
2648 2502
3625 3659
2564 4963
2971 4364
3939 2676
476 1703
330 2820
4777 2717
3998 3748
3127 2386
2769 180
3879 2375
1525 2537
792 1444
4677 3022
3991 1566
4289 3636
1270 3184
4369 3505
486 101
1013 514
2282 1184
4548 722
1925 2199
737 4703
1917 2944
3854 3401
4041 2999
4678 3010
3912 706
3402 4266
2310 4446
348 3742
2897 4551
549 4201
609 3842
2767 4480
2755 2553
4634 4601
1145 2310
2320 3243
4353 3906
1009 3606
713 4682
4580 2653
753 3005
1784 3607
1062 3796
1008 1276
870 2552
2863 1300
1725 1510
3399 4726
4661 1042
624 3063
1243 3676
59 3851
1475 64
327 701
4837 1364
3431 4834
3446 3871
1293 252
4103 3872
671 4315
3694 1365
1522 4290
1629 3864
1659 384
4738 4818
747 4612
1209 934
250 684
1302 3958
4489 1912
3135 746
4502 1358
3239 770
4741 941
505 3620
4031 564
1905 3069
875 1529
400 1993
1144 3579
2361 1510
2598 4611
2113 2505
406 2805
584 3717
2947 2709
290 130
3900 1408
1188 2583
1430 4808
1841 3016
248 2297
2183 1459
818 4485
4073 3227
2099 3467
2801 4676
152 1802
2151 93
504 2560
3360 433
1342 2013
4119 903
3799 2289
1082 3201
1480 2294
773 1162
530 456
3986 2837
2065 2232
2996 2127
4991 4221
1898 3925
3749 2554
4800 2690
1361 2533
3038 484
3121 1855
2445 1838
1669 4095
4030 2650
1714 1864
3798 2795
201 3261
436 2039
3539 1675
4544 904
4635 4230
757 3235
2530 914
762 2085
2897 444
181 212
3130 2504
3984 1526
2838 3790
4104 956
2056 613
4972 134
3510 4727
3963 2664
4382 2010
1823 1706
480 4809
2752 3910
2339 3424
3816 4168
2844 258
2339 213
4865 1412
3727 2281
1755 4391
1844 1362
1232 2220
1314 4764
3667 1831
3293 3470
4601 1360
2448 528
1776 4147
3533 1702
2655 2583
2849 1885
2296 653
1546 1876
420 3869
1515 1899
2809 2366
4074 926
2288 4503
4541 657
2876 107
3213 2026
4238 2561
1797 132
4493 1135
1319 2911
1102 1766
3489 1632
2351 2245
3688 1569
4869 1648
280 4321
4758 2464
4323 2998
4986 1975
4475 4471
2446 4526
3028 884
623 253
2191 2693
19 2601
1333 1120
2177 4025
2471 4871
1337 2325
1788 4245
1986 578
280 4647
3175 3766
1792 949
26 2697
96 2117
1200 674
2587 3191
1196 2756
620 108
2652 4859
1205 3600
2338 3972
3116 1224
854 827
1523 1923
1950 2035
3744 3892
731 4341
2624 1164
209 1276
4065 2270
2771 1746
2562 1983
2544 1233
3430 33
953 1269
188 2253
4999 2102
2963 2428
1481 1634
4121 2245
4476 420
4612 4997
1762 1858
3896 2215
1238 4335
43 465
3327 1843
1688 1658
4946 2164
323 4332
1407 820
2542 3129
4722 2047
460 1510
3582 2140
4831 3122
3470 4090
1790 4667
2587 1230
3523 388
1084 925
439 2795
955 2352
1826 224
1618 3765
1834 45
180 1610
4045 2798
587 1736
2308 2240
2113 416
1723 4012
4971 1857
925 4672
361 4550
2739 3987
153 4006
1665 2588
1016 4590
2864 243
3319 4920
339 763
4465 3730
529 4883
4268 3218
4373 2937
567 3826
3035 1479
2768 4822
2967 3270
4051 2025
2323 1375
2125 2655
4872 2990
362 480
405 4637
688 2447
1999 541
262 1462
340 170
25 3700
4300 734
840 2355
3715 1731
849 3215
2401 3853
1848 883
626 2685
4655 1034
2198 2150
2435 418
61 683
1152 5
403 2768
4034 200
4360 3267
3683 173
1561 1786
3813 1462
952 4836
3624 3755
3438 2239
2992 3473
3763 885
2847 3337
2307 3310
3788 1674
41 1703
309 2418
268 590
4557 52
55 3219
1749 4702
3603 1100
4549 3086
3751 4470
1686 3725
3013 4461
2585 1027
616 1075
3356 3104
4856 3180
4932 475
4464 4817
3952 3954
2727 3033
69 899
3533 2963
4910 3717
3751 559
1858 2627
530 2543
39 227
1764 4451
903 718
661 1201
1099 1646
4326 2455
2424 3680
1492 2452
2662 4744
2106 4024
1098 1406
2695 2237
3140 4175
627 2442
4311 200
1713 3004
2763 4591
830 4599
1609 2541
41 754
2722 4338
1428 4681
4235 1880
3923 2670
244 4214
2697 4718
2523 1304
2590 560
2705 3544
2931 2125
2847 994
1666 460
3974 1797
3599 4827
603 2131
3783 3093
1147 4514
1615 2296
1857 2334
4981 30
831 2852
483 2091
4469 4834
4531 2563
4091 4753
1250 924
2188 837
4601 2014
548 1140
3316 2028
3140 1776
3337 3123
89 706
648 4211
2241 3028
3411 4820
476 113
930 3858
2573 1774
2221 2329
884 775
283 3021
48 1093
2758 4080
4141 4126
3693 774
4635 1807
934 295
2751 3476
4666 1593
338 1200
402 1105
2730 2716
3559 3527
4662 1160
4552 2156
3032 2111
4263 4749
148 3230
347 4878
1377 4687
3846 4059
3759 920
3300 1250
1336 4364
2138 3142
2043 2025
3404 754
83 389
884 1347
3111 4022
3835 1413
2527 4469
3809 4574
4338 4834
1787 1810
944 3637
4725 1901
88 1684
1305 3523
2410 854
1194 413
3930 1200
3656 2887
2088 4472
3157 997
4872 4586
854 2538
952 695
1915 2814
2246 1124
2862 2500
1570 3073
2633 238
2880 4095
601 192
1571 2085
2798 3614
792 3194
2649 4357
1518 4167
3361 1866
198 3608
3351 3067
4561 1899
3942 4502
3493 375
1400 2830
2323 2654
3810 2732
3665 1890
811 405
1500 1250
2492 1961
1893 549
152 2999
1423 2251
1713 4624
339 1752
1854 1696
759 790
1607 15
145 3519
3943 4907
4594 1313
553 3659
3586 1810
2006 424
3886 4375
3106 4078
1560 3340
4100 4679
199 2314
4702 2348
4029 1150
4902 2434
1313 3532
1253 1548
4529 4973
3709 4040
3257 4264
2687 2838
812 2755
3622 3488
4407 656
1819 3688
1236 370
811 4774
410 636
238 391
3477 1129
2249 4252
2002 2047
4970 4187
1431 1634
1299 4127
1031 756
2463 2877
60 2864
4501 1200
176 1020
1153 182
1954 2847
3798 685
3519 1803
2246 4018
795 3630
710 4028
608 3980
3374 1137
2212 4296
4653 1463
4259 2653
3286 3201
4434 2010
883 2723
2777 318
1634 1193
553 4616
4720 3466
1381 3272
3087 2840
1825 4103
4903 2953
2518 2751
1375 2715
281 3642
1566 3438
4422 4000
1341 4580
3350 48
1936 110
3930 4069
1979 4880
816 1433
3161 1963
1141 1718
3624 3005
2058 2529
566 3677
3714 66
1695 2749
1300 621
926 2305
4720 2590
2371 329
2750 524
1854 1055
3094 374
456 3323
2937 3180
879 3397
3898 2235
62 1231
3275 1041
3643 2211
707 2611
1890 3608
2295 1183
475 382
4965 1573
3830 3753
1869 1586
1278 639
1448 133
971 2827
4545 419
1952 4529
1363 4555
2749 34
2390 4555
1292 3221
1413 2514
1771 240
4148 390
4703 1344
109 4341
4764 3152
3231 2945
2586 2984
1150 443
2398 237
1710 552
2854 4118
2896 1899
3835 2225
4346 3760
2762 3161
2985 829
2036 2390
96 4348
390 2670
3557 2443
121 2858
4480 3632
1317 4510
2625 2742
813 2771
218 4662
4985 4034
4394 3624
3623 1585
364 1170
312 4715
2241 4591
234 2963
1377 681
2847 3095
4923 2046
3723 534
2018 3682
4197 2623
3606 4970
1590 2357
4084 295
399 1126
1770 1877
2054 853
4715 3152
3492 4724
1755 4313
2468 2984
4613 474
2677 327
26 1394
581 2173
3907 2779
123 3606
2609 2502
2170 289
153 2186
2483 3605
4151 1007
1693 4272
1347 1863
1366 4361
580 3672
3382 3906
3470 3555
4932 2354
2553 4933
1266 3587
4385 2168
4849 3474
2465 3346
3433 3412
2334 897
4528 2052
682 420
2492 2830
491 231
4633 4787
4230 2820
2157 761
1452 615
1258 1861
612 4666
2311 3365
1541 2168
4334 2974
3215 1317
1697 4660
1030 661
2219 4204
1606 339
1091 1827
4777 3630
2111 4111
315 1783
3349 4259
1591 1343
2890 2603
1764 4000
2635 1053
84 4287
1112 4604
2868 2008
4240 2865
4983 1686
365 743
4333 3300
3069 3567
602 4695
340 3682
2498 3638
1129 560
200 70
3912 860
437 3886
676 1715
3996 3410
4697 136
2419 2942
2231 880
75 3642
2200 2190
2243 4491
2676 4138
186 95
4977 4096
411 2597
4288 1045
2687 564
1541 856
2362 1140
770 1349
4700 3709
2277 4424
3201 929
4572 2234
3096 2404
1493 852
1539 3966
521 3428
3035 1787
1919 3627
1920 2511
4424 1278
2240 4268
1964 2259
923 1186
4589 1424
3707 2943
2622 2085
189 198
1181 1687
1195 3063
632 706
2416 1202
1811 4317
2414 1841
2942 2611
2627 1476
2867 3935
3454 4946
677 1960
746 1405
3952 4209
1757 3837
1304 4358
1539 3915
640 2106
2761 460
1310 2994
2707 4471
3621 1067
3663 1256
717 4865
562 2946
1487 3244
781 983
2148 4535
4346 3500
153 662
470 1416
77 405
1920 135
2591 568
843 529
4775 4054
4776 1999
2362 1587
4852 2041
1233 1091
4380 4621
2330 291
2705 4208
35 2331
1413 3767
1219 4208
621 2445
3750 911
1235 842
3708 1836
1953 1269
2870 1574
1483 4225
4547 1077
3581 2267
4457 3867
2515 2145
1809 40
636 4585
3012 2080
3543 3839
2265 1005
1297 3485
833 996
91 4825
585 2981
608 3072
3279 3453
1882 4291
3725 956
3644 4507
3457 4324
4837 3589
462 556
4104 2036
1794 598
1364 1345
4854 1492
149 4717
3791 4004
3502 2306
219 3581
4862 588
2620 2894
1601 1556
4181 1759
256 1178
454 1869
3781 2450
255 436
2247 1681
2326 1338
4264 3671
4918 1424
1764 2315
4326 1933
882 3340
705 1921
2625 4409
3634 2660
2531 4335
3815 1644
1798 4808
4465 1395
2551 1006
457 4399
2516 2574
2204 476
925 490
2507 4558
1081 437
342 2956
2004 440
1111 1362
3021 3177
1074 1798
1180 122
4394 4452
4317 189
490 928
3233 2123
2898 3467
1030 105
646 2724
277 4845
2940 3223
1032 2652
4809 2544
2603 1325
40 1532
3016 968
1403 817
1348 4492
3482 4081
178 1030
593 3967
917 2703
2777 844
3198 3952
2234 2500
4583 1636
4440 2243
544 512
4465 2812
3663 2375
4251 1486
3946 587
4040 4274
526 4529
823 2270
2617 4512
4297 403
4772 3735
2888 1216
2905 243
728 4403
4475 4157
1539 988
1812 323
4214 4258
2735 2626
3262 3543
3525 4694
1949 1871
4014 797
667 2332
4014 2168
4241 2245
3715 3854
2365 2917
2137 1854
3154 633
3553 261
542 4224
3159 4837
4361 3717
4643 4101
4390 249
4997 308
1738 14
2590 1501
4038 1839
1881 2759
670 1890
1100 1187
3731 4791
1863 3679
1139 3961
2209 3827
117 3905
1495 410
3936 2922
4194 982
4271 2578
3320 3006
1777 4762
4849 4441
3948 1313
4450 1681
3244 953
568 3531
2890 3177
1010 723
478 2560
345 3026
4301 4452
3075 3963
4918 2442
3602 2573
3851 3546
3631 2730
554 4914
978 1357
4926 1302
998 4437
63 1227
2658 875
1913 1170
2969 4016
3260 4662
3936 2329
4329 4332
4220 2029
528 2400
1119 3161
3435 1211
4998 2051
4065 2240
481 1540
2397 2293
1671 2286
434 539
4771 2645
2720 1431
80 948
1633 2726
872 893
1803 2917
2956 2705
4061 387
1682 812
1630 4331
2126 3684
2524 1218
3169 1020
3132 1923
4477 2952
1325 3282
371 1927
4177 2371
3287 427
2894 496
3722 1712
1276 4130
317 2486
3248 787
2451 1098
3785 3814
2280 1335
3736 3802
2187 4590
1078 2438
3392 285
2597 4777
3935 2003
2942 4761
4792 3377
408 489
3424 2623
308 735
2601 4831
1148 3655
696 4561
987 99
1492 4768
3832 4367
1673 1017
965 4728
4909 4231
766 1556
3920 377
1943 2517
401 2276
1296 567
1552 299
2700 3120
4163 195
2262 178
4924 3885
3261 4514
1766 1550
4199 2949
1279 1726
4495 3384
734 1310
3476 1219
4082 3047
2137 1680
3782 3247
1146 4782
2981 2488
3011 759
2194 4025
1587 3907
3001 3148
1683 1804
4261 2836
1783 1654
4770 1971
643 213
4241 1695
1569 2874
2741 3905
1035 48
2441 1925
155 2298
3213 4363
1288 1301
2940 3577
306 4549
1276 2524
1043 4629
2840 1276
1530 4103
2418 2799
2702 1782
223 1238
3667 825
2185 3485
1940 3618
2289 4956
3 554
2575 151
2344 3012
1386 47
850 157
1033 2820
309 4447
3203 3278
3758 2518
2526 1415
2381 4877
3071 2949
4465 486
4399 2131
1274 4573
4921 4277
827 3663
1312 3812
4697 820
2340 4746
4508 4097
593 2347
2533 474
882 4713
4036 3739
516 1373
4161 1319
1751 3781
4629 1267
4421 3400
595 3177
2487 3792
2621 3030
157 3087
1559 4613
4715 4605
47 4409
3350 4432
2218 4745
3461 1848
2221 4413
4725 732
3551 1228
1874 2056
4650 3996
657 1508
4970 2398
1238 2164
600 481
1657 4911
2982 2933
4848 305
719 1606
3694 2560
2996 2717
314 940
2757 946
3719 492
358 3892
988 2405
689 3022
2011 3322
4408 4473
4757 663
2821 2492
1156 607
4508 2982
1853 1415
1396 2149
2433 3663
3840 4379
974 4065
1427 2608
3523 998
4894 3306
2792 4312
2117 2937
2115 484
2937 2453
3891 329
3342 1616
4051 1362
885 2834
2763 2313
2999 218
4260 1740
1548 2497
3062 1434
1681 171
2525 4694
1213 4728
3025 4622
4965 680
2278 4074
3953 4012
4846 1886
2483 3409
1776 4167
2373 2077
3475 1806
1527 1196
2839 1398
4278 2600
897 2707
1067 698
2294 3647
4042 3086
489 156
2642 2445
2427 3466
4377 4405
1581 625
2972 4462
3420 4204
2355 772
2899 2723
1495 1347
3156 3867
3558 4119
2103 1924
850 340
3709 2378
4657 3002
2421 388
3766 918
1225 3642
1943 2308
4854 1197
3118 4911
4028 1672
2864 2524
1043 3249
2888 3742
3266 770
2334 2733
4487 227
3901 3238
2176 4289
3791 1517
1282 2269
3990 1767
2200 3893
4091 1596
425 1363
124 2367
2506 3764
122 4524
1319 4328
521 2532
1549 4235
1049 4664
4981 752
1187 1855
3973 1314
4400 3772
218 3678
4737 3469
924 2229
3911 2826
1197 735
4295 3838
4290 4492
1873 4434
573 1048
3140 592
1153 649
3837 309
3413 3381
914 487
1699 2496
2470 3762
1179 2446
1332 3460
3574 1921
1086 4484
758 2889
3811 3509
2648 3707
3007 2440
3828 2007
883 429
2178 915
2788 2272
1815 4141
4879 65
4333 1208
3851 4730
1699 163
3858 3267
3931 2112
4745 4474
3779 2225
3028 834
4427 3041
906 3199
4815 4045
4802 4459
1610 895
3579 2769
4902 189
3521 350
2197 929
1614 4124
3151 4685
1646 951
4073 936
1572 1094
2979 3164
2152 1794
2329 2154
3016 914
956 806
4888 3409
2969 593
2881 569
1557 977
4568 3020
3130 3066
3176 2412
1777 3030
1392 276
1335 2392
4751 4812
953 957
4537 2305
1792 2350
1218 2943
3847 915
3873 723
3214 108
4439 4763
3605 929
2174 1796
1011 2216
2944 2000
4657 4790
3765 3787
510 2058
2601 563
1882 516
1097 2294
1527 3113
50 3003
3940 939
3020 1624
651 2616
4563 426
4105 3762
977 1436
4964 4053
2778 1751
282 273
71 1442
4220 3903
2955 641
3622 1653
964 1075
3565 17
3320 1040
2543 3069
1726 520
2760 4693
3672 3067
1337 3198
4064 3821
731 4237
3270 2202
3802 1921
1089 3489
3958 2159
4240 3983
2949 1472
1520 4888
3111 1923
3569 4036
656 2415
2503 3583
3122 3399
3239 861
355 3126
1517 2377
1473 82
680 2387
1291 3730
519 2372
4554 3388
3623 2668
430 48
3658 3426
2531 128
3026 444
3253 4916
3379 84
1233 3302
1595 1498
4282 3898
4661 1994
2159 1709
796 3027
550 1330
780 4932
2039 2018
451 4427
2458 2085
571 1459
1964 664
224 1202
1392 1995
2709 2667
468 1510
4140 1104
917 4959
3786 3495
4868 4992
2939 438
223 142
4000 1611
4629 2803
1492 4375
1913 907
7 3156
1562 1793
2793 4489
1728 838
1124 2885
862 812
649 3121
4061 3513
4594 498
3430 4958
42 4861
4868 2469
4639 4487
1439 3111
2429 2719
792 1834
1108 2482
4751 4581
541 883
3895 3013
4322 1650
2165 4886
4544 3362
1052 3837
3678 501
1336 4665
1535 3548
1261 4938
2062 349
3051 745
2138 4816
419 1113
302 3487
2040 3786
2846 3756
3796 4923
2789 1247
3579 2733
1793 145
4111 817
1276 3251
986 4687
4082 1652
2845 2320
3299 4342
4718 864
655 333
4168 2983
2051 352
4818 1510
4370 3821
343 2541
4217 4125
2810 3699
225 1220
4207 3786
1482 1012
4025 3117
3770 3197
3799 298
2475 996
1024 3414
4376 2264
4670 1635
1260 3157
1103 4617
3934 4072
2312 525
1656 669
4268 3207
1781 16
2268 227
4363 3583
3555 1305
1031 1972
666 3096
4965 3827
4012 4382
4088 3724
1303 2124
225 733
3942 4485
765 3790
371 1601
1741 4060
1153 3866
2092 1099
4374 2203
44 4799
3506 402
4522 1950
4161 45
337 725
3815 835
150 3383
3024 2955
3992 3486
3286 1991
1029 3632
4859 3034
2017 1496
3164 2301
2322 1413
2483 3027
2303 3659
4087 2091
376 3793
4359 562
4312 4247
4721 781
2118 4717
3856 822
2654 1683
4577 4319
2453 237
4603 1273
3348 661
3446 2958
216 503
1585 4100
2153 7
3515 3797
3742 283
711 840
1358 3785
4953 658
2193 1493
941 3486
3289 1653
1049 2616
4586 1022
979 4327
3765 96
928 4571
640 4125
901 2891
2526 4330
678 3077
1471 1752
1431 2707
2613 889
2925 77
2699 3113
3229 4544
1000 1923
2403 4498
3110 3123
4633 2345
201 2951
2996 3160
3293 4399
2961 4944
2814 4904
1864 4651
3340 4429
261 1720
3545 3055
4635 3214
2167 4930
103 1499
1720 2860
543 4689
1659 1191
4501 2080
1568 4708
1093 3119
1266 1732
1468 3612
2736 1883
2978 1600
608 723
4731 972
844 2886
461 871
4490 853
1286 4976
1028 1855
4549 1989
1600 4094
1562 4070
988 2176
2789 4469
2214 2602
2620 3106
1870 1301
3201 910
2311 944
1076 3948
347 4381
1158 2105
2673 4560
2838 1218
3136 2097
4093 782
1199 2622
2411 2466
2174 4760
2625 142
3348 1970
459 458
4597 4400
4377 3579
4727 4729
1193 4298
2099 335
949 4523
2657 4231
621 2172
3971 3220
2135 1049
2823 2796
961 3464
2276 175
3855 4246
817 1063
3271 1957
526 1453
372 3617
304 687
3038 3151
1177 2567
2174 4792
2407 4341
1887 1047
1822 2146
3033 2908
47 3920
1487 4561
2618 4107
50 3470
4325 3428
613 4889
1008 1094
85 45
4038 4827
535 1437
3581 2310
1812 2877
1352 3856
2924 3740
2894 3592
1327 3554
1580 4325
1758 396
1951 688
225 2857
893 3767
3835 2059
3108 1582
1723 1359
4379 1436
3064 1832
677 4313
66 302
255 2071
1427 1912
2807 913
3343 2261
2429 2247
3429 1453
2818 746
357 3759
3381 2772
1323 3121
4521 4396
4564 2318
279 3445
4311 1612
2544 1730
1479 2348
3366 2990
2287 2587
264 60
4609 1527
1966 4623
2952 948
2592 4018
1342 1901
574 1687
1438 3714
3092 3395
2561 4567
1182 2195
3716 2389
2120 2181
369 3630
3537 2302
4889 2251
4740 378
4387 1747
1965 1008
3377 4512
2690 2564
4160 4000
4379 4039
710 2271
4952 2326
2117 3614
1027 2579
2682 2834
3385 870
2860 3646
3164 1476
2421 335
3111 4695
4517 4908
730 4585
1105 2901
3216 3823
174 3271
1195 3394
4054 4139
1859 1489
756 1847
484 2355
3432 3735
3500 3422
3216 717
3706 3459
1808 4029
3682 1505
2337 4466
1586 53
4485 4732
4251 4082
2948 4520
3 1972
4720 2520
2118 3977
1131 2243
3917 2958
161 124
3561 1286
1934 1952
1593 881
1179 2400
44 918
775 4336
4141 3339
2912 4092
1915 2692
3888 737
4148 4884
431 4655
3452 4132
1063 3553
4123 1279
199 368
3439 1708
2593 2177
815 2892
669 677
4415 4110
2173 4434
1262 497
2447 3212
3931 2603
1692 631
2885 1801
4090 4661
4124 4517
280 4293
486 4064
311 654
1982 941
431 4245
4870 2159
1052 287
3732 609
134 1523
1313 432
3070 4830
4522 1453
4893 1039
364 1783
3473 4004
97 398
94 3745
3522 3841
3575 3885
375 1662
714 1010
2798 3519
1882 2029
2492 220
380 3609
1448 557
3161 3162
2083 276
853 4565
4661 3155
1370 2256
3369 3363
4870 2363
4264 405
1501 1022
3171 1450
1925 752
1105 3847
441 277
928 2072
2368 1334
3073 143
2043 1274
151 379
3340 3083
2097 1439
2642 2742
296 381
95 2830
3187 3140
1253 125
3434 2309
304 434
3508 3785
2818 174
2072 4633
501 2029
2044 4527
999 3759
2030 765
446 4916
3998 2761
745 4539
73 3285
3581 617
4041 2971
876 4206
354 3709
3570 595
1698 965
3878 2245
1882 1548
2397 71
4080 4989
1257 2487
1415 4442
1742 3336
1497 127
295 4505
3205 660
4619 4852
1686 3969
4837 2649
289 3647
4786 767
892 2017
3360 4706
20 4672
742 68
4051 2642
3172 236
4755 2703
3143 1013
3364 1855
67 2959
3478 3935
3465 1225
4458 3442
3190 2409
2553 450
412 3121
4854 2414
3653 4759
906 1519
1900 1393
1282 3967
2255 2275
605 2318
4971 1652
235 1382
3044 545
1662 749
2946 1045
466 3087
3709 4835
505 1846
146 862
3920 1990
2066 2277
1347 322
181 2895
2866 845
4616 913
1824 1098
2112 643
2370 4730
4101 2836
1809 2417
4471 1545
77 4578
1631 473
1838 3688
3701 842
68 1280
3551 2436
3612 501
1951 4991
2517 965
2696 1310
3420 2518
523 742
1374 3564
4886 645
3696 1624
2926 260
2035 4173
3641 896
2035 3387
352 1834
94 3055
1785 1703
4854 2019
1036 1127
4438 688
660 3785
3722 2758
857 449
4126 1429
478 2670
3107 2606
3120 2421
1509 1623
655 518
1564 4991
564 100
290 1270
2478 4253
4235 4551
3567 204
4575 442
784 3030
4894 3923
3922 1605
1606 2300
2618 676
1129 3945
2200 3365
275 4649
936 2671
664 1726
2425 3128
3357 1610
2972 4418
4642 3568
1276 420
4578 1812
4465 477
3147 3956
3569 3285
4901 2199
3445 3524
1337 4987
1896 471
4182 1186
746 2754
1245 756
584 557
3595 726
755 132
2329 758
1282 1337
1383 3939
1524 3355
983 730
21 4525
3205 3225
1110 4452
531 1614
133 404
2966 2503
1517 4760
1842 3547
3333 4535
4181 790
2745 1961
4759 333
47 3170
4333 4488
1726 440
490 4807
3594 693
257 4394
1390 982
1493 2087
3060 1597
1626 2847
1432 3639
2816 648
2186 4183
2861 1324
4224 4660
4140 1212
1605 198
2964 32
3649 1989
1806 3282
1842 3693
4877 4828
3263 1855
4018 2868
902 1422
209 676
2727 3412
4487 3871
2470 4085
3160 3681
1156 3368
1220 3708
1137 4501
2535 4690
2083 4525
912 2408
3262 2526
3004 111
3014 2973
4233 4772
4727 3892
598 506
2992 2585
4620 3895
3535 4536
3175 1155
4568 4838
2529 2797
1240 4904
2499 2823
652 2989
3283 1807
4165 4542
4763 2973
318 1874
3386 2392
3949 2429
3969 2199
4174 4208
736 2975
301 2211
2623 2222
62 4984
2145 4125
4495 3849
849 618
1874 4362
700 1416
1658 385
2314 3426
791 1559
3618 160
1741 561
1041 3947
4981 1852
4725 1370
1497 2821
3890 810
1497 4509
3429 4645
3486 493
2627 3312
3370 4044
2514 3743
702 1844
3655 371
4221 4986
2941 1778
4882 4829
3915 2329
4024 2754
2672 1708
733 2289
1247 1169
3694 674
4545 2424
2737 3067
1824 1542
2479 4528
1267 418
4034 3299
3998 3111
1089 3114
4468 2684
2677 2273
2808 3607
4631 2686
3434 1933
4379 747
2344 786
619 1282
2194 3187
2860 3805
3842 4650
336 4689
4682 3781
3529 1068
1041 330
2806 952
1841 2616
1608 2614
2871 756
2050 4611
342 352
442 4143
1952 1419
2890 1877
779 4854
1887 2383
539 2535
1957 3679
2479 959
2680 1726
4906 1955
4055 2151
1853 1272
2523 1270
602 691
1278 1789
4533 2810
3488 3573
452 165
15 84
4214 2210
330 12
4036 816
2140 3572
3239 4261
1876 1157
842 4192
3428 2276
2463 3012
3554 63
2627 3193
240 3992
582 1383
1355 1292
4671 2881
2877 2321
1401 4042
789 2464
3989 1030
3120 2057
1220 1911
294 696
2962 193
3459 911
1151 1870
3565 1496
1135 2569
1285 2010
3406 1664
3284 1426
4314 307
4996 1984
2311 3728
357 3899
2353 157
1324 2002
4921 3577
330 3965
2355 4495
1679 3115
1967 4124
4543 1846
4733 2716
1096 894
2633 2786
3823 2955
2248 3153
2147 4705
2923 4809
3049 24
1764 9
3689 4365
1636 3919
1572 1903
601 3970
277 3364
1693 2598
776 897
1288 4034
4527 14
1057 4706
3312 2540
2309 1391
1320 3205
3879 1618
148 4360
975 137
3354 2944
4260 1370
2498 4355
4561 4334
1862 2
2666 4033
2964 86
4871 2830
3592 3652
2567 343
3833 2904
392 1919
4708 566
1145 777
2224 3230
4845 1594
1100 2181
3870 3815
360 4597
744 3854
4930 4724
1855 428
2976 2500
1773 3710
1379 794
720 1656
3190 2461
2334 4256
1525 3512
1024 1443
1846 4747
2729 994
515 3807
962 1664
714 2634
2966 4222
3019 2846
4989 4074
1830 1747
3818 4377
4767 2320
3531 2314
2621 1353
2195 3855
805 3966
1259 4999
2960 3930
2391 2454
2552 1699
4034 756
356 944
2157 1116
20 4357
1447 4931
4391 1778
2749 3182
4894 1515
251 4115
71 4358
1421 2320
4451 2935
4521 4684
1623 1969
3774 4436
1032 1652
1416 970
4197 3139
2494 2053
341 4855
4083 4004
616 714
2466 1794
707 2925
2116 189
1904 4445
4362 2334
1581 526
1920 1086
2563 740
4534 358
3878 980
3954 2889
3897 3605
2402 1908
4025 4632
313 2819
2849 3971
3340 4208
2428 3294
3968 4226
3528 1627
3617 3587
1244 3090
3470 4207
1628 1739
1765 1630
3768 1639
236 1963
2261 3947
3931 1707
4131 2283
3471 3615
945 379
398 4655
100 604
2641 3757
4658 2169
2441 952
1038 2464
1683 895
1914 1423
2887 4448
4175 1858
569 3046
401 3012
2451 3881
3834 2905
1900 4035
3567 2836
3272 4885
122 4728
4426 2649
641 3092
669 1253
3950 682
2219 4616
1381 4924
3977 492
4722 389
4064 4088
2867 4626
4365 3035
3825 2498
3495 476
3306 5000
4193 718
3443 4409
1728 1504
34 4455
3811 3374
2470 3554
1770 613
1314 3679
4089 811
944 1
3408 3004
4734 2962
2192 4617
2404 4115
2194 1249
4247 3658
4634 3662
2005 3609
697 1090
387 1468
3560 3246
4700 3838
3671 2300
1203 61
3341 2194
4451 2301
4193 1282
4321 4059
1696 4750
924 42
2193 4329
353 1317
34 3795
526 2458
4059 2001
556 3007
1245 4471
1385 3981
1883 445
4428 2635
2393 1844
3370 2468
1687 2668
2520 684
1820 3736
587 3242
2142 3905
708 4369
2679 2426
3560 1926
249 4151
357 2974
328 3010
3613 1822
272 1074
2230 2710
4773 1084
4847 1646
737 1116
4843 568
4116 859
1877 942
4921 1170
2953 500
377 1593
2723 2324
3496 4614
3836 3014
4689 1354
2469 2604
1703 407
4569 1965
4223 1515
4926 4301
2333 40
1927 3498
4340 912
4892 3464
3723 2433
1344 4929
4235 4370
4853 3207
4419 4771
4516 1767
4242 1341
4159 4417
4282 2835
909 2839
456 2460
4541 1418
4711 4644
1613 2852
1560 1765
3414 1798
1639 4310
237 1604
2950 1927
2219 2036
966 2503
1034 4695
1122 3712
3117 3347
4934 2797
4996 733
4490 3232
2297 3023
1027 3100
4279 1789
2513 1337
4806 1823
2505 4974
2857 917
3622 4701
4428 4966
1270 3968
60 1303
3446 2555
1177 3193
4690 2822
3084 4728
4322 2961
89 4683
3515 4128
2154 1465
3993 1171
3072 808
10 2886
1588 3325
532 960
4386 1526
1905 2251
4692 3755
1477 4286
2989 3184
2487 4893
3901 4382
3299 2779
1301 1083
1756 2605
1162 3157
2356 1537
2406 3695
1679 569
3218 3320
1517 2949
1086 3603
743 915
35 4509
2964 795
72 2568
3983 2540
1223 3447
975 277
4555 1829
281 4019
1761 4876
1798 3623
2493 2295
3819 1381
2465 3092
4694 1192
4971 624
214 2233
1947 548
2710 4184
3297 4195
1455 587
670 314
4755 4771
1132 4823
3153 433
3876 4331
1452 3236
3380 3443
614 4959
624 282
1143 2109
1615 4564
448 507
3896 82
2363 2612
239 275
1519 403
2487 3341
4501 1074
4256 4247
3470 1634
4654 1256
2444 2477
3251 4425
2314 434
1802 456
536 2929
4410 3748
3039 4179
3299 312
2388 1446
342 189
19 960
128 1653
840 4412
1229 1043
3945 1661
2820 3335
2630 4032
3174 2849
4234 523
3889 4461
3020 4584
1913 4633
3702 2741
25 4397
2983 1705
62 3428
2213 1968
4018 2310
1768 2242
712 3437
66 3493
2885 4765
4080 3765
2743 3051
1608 4871
4442 4308
1587 2013
137 2863
1261 2496
625 4863
4951 2750
1433 1105
993 745
4511 3214
368 2886
474 3085
2363 2965
4453 927
4289 4373
1863 3654
2094 1711
1244 1998
4448 4579
2049 2568
3996 3231
1064 386
439 3392
3170 1576
929 847
3357 1053
3430 1188
1505 3539
3416 3272
3264 3109
4360 2787
3655 580
2446 2578
4419 538
4420 3530
1941 4628
2447 774
1922 125
2040 1373
4251 2380
2201 1563
4849 1986
4180 4294
3350 106
2524 242
4256 3613
3762 3273
3964 2324
4145 2248
3900 3476
2649 4442
4892 1094
3630 477
2226 3669
604 578
534 1632
4540 2827
3036 3396
4019 3451
731 1378
3936 3417
2850 1666
3692 1033
2064 4507
715 2095
2422 3758
2011 2160
3467 3023
4977 3742
4272 2955
3298 4666
3490 4119
4817 4434
2133 4958
333 2101
3187 4257
4408 729
2325 3308
4081 69
2313 4442
3550 4889
3099 659
311 178
1175 4564
1841 823
4803 1504
2981 2869
980 1567
1484 3074
1377 1109
441 725
4500 2311
4184 2458
1216 348
4760 4116
4319 1311
1600 494
4301 855
3584 2857
3296 1133
1417 3939
91 2299
2923 162
2986 266
666 3362
233 3329
626 2428
478 451
1586 4064
2511 2735
4341 1622
1210 1112
1899 2666
3188 307
1209 3894
4880 22
460 3053
2255 4489
4113 4260
598 1855
4830 1981
2333 3997
4169 2469
117 2042
4046 2613
4470 2184
1667 3443
1983 2427
988 1392
471 4722
861 2058
3283 2388
3945 1472
3534 1143
2034 2639
736 790
4356 2055
1458 4292
3461 2292
1759 3995
1001 415
4606 2408
2039 997
1501 156
1878 898
1155 449
2010 4199
2294 1353
1280 4852
3338 4849
4664 3515
4631 1253
633 1654
4068 3126
1185 3855
4661 273
4641 1785
4316 960
462 140
4623 3022
286 565
4040 3434
2947 3116
3439 1477
219 4381
364 958
4776 809
4128 3510
1824 3550
4597 550
3046 2895
4385 3235
3923 433
4940 2865
3449 3821
408 1258
621 2298
813 2310
4490 199
3755 926
372 1816
2990 1779
410 4974
2017 2197
2710 2959
2798 4588
3618 1778
4808 394
2920 4663
4822 3528
3339 2655
3141 4963
1875 3580
4311 3452
4666 367
4464 2701
1864 3082
3853 441
89 1483
1496 431
2939 70
3932 2920
2706 3500
1417 4870
3090 1089
4021 2606
3672 267
4072 154
1343 1137
3768 4906
1480 61
2037 201
1078 1548
3630 3247
175 3082
4936 3517
1625 4930
2522 2551
3567 3637
2838 1154
3459 2465
3887 630
4683 674
2671 167
1923 3144
4553 2584
34 3242
490 273
3630 278
2420 2689
2219 3902
17 1466
1527 2389
4747 1920
4201 2721
4131 3789
4504 454
4230 240
1649 2462
3540 4616
4221 2258
1564 4055
4678 3185
1688 886
4575 1483
2892 4146
1598 4645
1026 2390
4903 2485
1647 432
85 1674
1098 527
3776 2359
2328 172
244 3257
1640 4605
3593 2998
2448 2450
1709 3386
182 4710
2687 3908
2189 2750
3545 91
2321 26
612 4314
3101 2761
1313 428
704 4937
3358 904
356 4008
2450 1927
4096 480
583 1648
1934 2241
3871 3739
1080 867
479 1228
2229 3748
3699 1483
160 3612
2578 3039
1592 586
3500 2425
1247 6
2348 2762
2911 2071
4719 3204
4569 293
2955 1763
555 591
4279 4956
1538 4371
2756 3138
4318 1491
4803 635
3728 1597
357 2475
133 4565
3488 3459
1663 1653
3097 4575
4652 3394
2376 4648
2968 3048
2440 4937
3153 2337
2208 3558
1918 2512
817 2182
4202 3896
4128 4562
3876 3165
3294 1607
4356 1024
3591 352
4377 1050
2878 4786
16 2702
4718 945
687 1748
1859 4564
1153 1991
2959 1455
4357 148
4569 1890
2088 3425
1333 2844
26 4822
4386 1828
4910 3500
800 568
1863 3157
2566 4676
3609 2350
1602 1547
2345 3538
2417 3484
959 3302
2385 159
2155 1595
375 467
2561 334
924 3555
1874 318
232 3862
3403 534
1705 384
4421 351
4368 2516
4250 2343
4305 4496
338 2188
1883 4557
3657 2978
21 3411
3741 4875
1201 287
584 2063
4117 1535
4777 1862
4291 1655
4205 4142
4118 4089
1867 4277
1529 4131
719 3918
1716 4324
260 3500
2418 1764
213 4534
1503 2391
2512 3408
3362 1832
4603 2731
1203 390
1245 2059
1462 376
1894 857
640 186
2373 2677
1296 711
1665 1095
4081 1362
609 4694
4583 3221
3247 2225
2986 2961
4096 1177
727 3229
2141 3548
1416 3056
4960 4765
2684 1053
3201 3021
85 540
1415 3674
1986 4851
1540 3215
1867 2601
4918 1901
1751 2505
3032 3840
2071 2811
1065 2772
1936 2834
2854 2818
4617 2172
4464 4928
2527 4405
2699 1314
749 252
2464 507
1524 4981
1831 3441
234 870
1118 4519
2275 2432
4271 1799
286 3294
2573 3452
4533 2845
3092 3062
4171 3542
1377 4387
3760 1419
4246 1654
4767 1433
286 4064
1843 4269
1557 4809
1365 2885
3322 4044
689 854
3313 1559
4724 1900
3223 4663
4788 25
816 2506
4552 2130
3200 2726
865 1959
3727 832
4476 4256
2463 4097
4414 4478
4132 1206
1787 2218
4881 1930
4137 838
4118 279
4073 2313
2028 3418
566 2156
1096 3733
3059 182
1853 1767
1846 4883
2105 3520
805 2247
500 3960
287 4496
1727 3659
4281 4411
2979 3031
4963 1397
3919 2571
731 4686
4328 2098
3089 3819
4048 4318
2662 4154
1758 4657
4480 273
2720 1240
734 3572
4298 3476
643 811
1345 3702
4246 2582
1958 735
971 950
3047 1555
4581 238
489 780
1392 4137
1999 4711
1509 3896
1492 190
2289 4539
2171 125
3519 2129
2267 409
3213 3654
2884 1097
2307 2318
3568 3832
3568 4889
3836 4480
2659 152
1027 2295
1490 3089
73 227
3109 3340
1579 3195
2317 762
2203 110
3770 1642
569 931
1978 842
3992 4812
1186 4579
3083 594
1705 3820
3604 1834
2321 3136
4151 3692
3520 2369
3491 584
2477 2379
4865 15
2132 3264
4746 4280
339 2049
550 1321
837 1773
2878 4121
721 701
2207 4395
1251 2926
2178 3346
2903 1062
2082 714
1030 4118
3330 2745
4606 2268
1816 2740
3035 339
4371 4502
3124 2731
146 1776
1388 2966
722 1067
2814 2464
4766 1058
4412 3368
742 4233
4377 3525
785 2220
4969 4501
1858 2411
1200 1881
3290 2638
1533 3457
1198 4681
1286 453
1677 2342
1804 4384
2393 4010
4078 3923
4447 2302
3867 2072
4383 480
3328 3661
4997 634
1814 2807
2079 182
2014 1685
51 798
2466 2318
4442 477
804 359
1742 3652
2197 1863
3019 2096
4186 1708
618 3737
125 1451
4550 1346
2250 4301
3324 4250
1205 2509
2890 2438
4549 3530
3111 3126
2826 905
351 4460
3477 3275
3778 676
1022 3883
57 4109
4590 2990
259 4149
4718 1668
2427 4589
1050 3599
2765 1076
324 3770
3136 727
1734 1228
1979 4529
247 2320
1384 3744
3882 3094
4422 1651
2622 808
2321 944
279 3923
2495 295
4422 84
4745 3527
3562 4303
1933 3424
3415 893
3292 4610
4569 4109
4408 4088
2572 3530
2024 3308
3436 4348
4595 2117
1610 727
1069 3663
4087 4270
2947 2647
2167 2617
2294 609
3337 4368
2519 2705
1346 2148
4117 528
160 3388
1547 2727
4477 1358
2182 1359
2591 3693
4626 3484
3799 498
3391 3375
3846 1510
4598 1757
2183 3706
2973 4931
1089 89
3145 4723
2364 4062
331 2876
4494 1015
3871 3396
3366 1767
3199 3707
4326 3210
1475 1389
138 2949
2076 4408
4553 1599
399 27
1202 2216
4601 1594
4499 2094
926 2364
690 91
3836 4676
4696 1788
3111 3010
3680 3493
2267 813
2738 3081
141 2109
4593 195
3747 2125
3834 837
3266 2853
3495 3995
1220 539
586 2142
2592 2848
3063 4021
3510 4820
3781 1299
4154 4126
1157 1659
3682 1041
4119 3888
2964 3412
3671 3704
3315 2194
216 437
4542 3544
4405 1450
2099 934
4332 2967
1559 247
4169 1866
1723 1114
347 3281
1162 2750
2164 1458
614 1128
1966 3473
2703 3948
4724 1838
758 4684
784 2050
3373 3118
1615 1176
1116 3165
4558 1805
4510 135
1030 567
3312 4739
1702 617
4255 2127
4830 4028
1209 3341
3275 188
252 3401
2266 1442
362 1089
2042 2628
2 2945
3570 3699
3794 2795
589 1226
3672 4670
753 3156
2488 1706
1160 2742
25 497
4464 1264
4885 156
3715 2036
685 2380
2897 3106
4366 1310
3285 555
4753 1866
2690 2075
1114 2279
2736 437
2743 103
2713 385
4292 941
3190 2859
1501 2168
108 4798
2061 2241
3748 3227
327 1681
2212 2780
413 4190
3924 3704
1332 610
2120 1445
1132 1380
1574 2679
2426 2038
4103 391
627 3552
2051 2042
1598 923
4352 3496
3326 2438
402 4486
4205 4010
3445 2728
4544 3309
4127 2376
4276 32
319 1920
1113 3406
1948 4707
280 2533
3919 2753
546 4884
1479 4262
1101 292
4719 237
1856 2307
2091 267
3231 575
2047 3460
3337 1840
1345 4037
4753 2944
202 1189
2628 3429
2705 1796
1549 2810
1466 1892
4232 780
2721 375
930 4344
1091 4250
4255 293
3730 1318
1615 1443
1290 1479
2574 2769
5000 4234
1365 2232
1368 64
1258 1589
2785 3442
3018 1525
2791 581
1286 234
447 4119
350 4072
411 4277
1573 2079
3521 2112
1518 790
2334 2111
4069 3329
2975 1516
153 3993
1308 4729
1257 246
4398 194
2334 4987
2926 1663
525 2561
2659 465
1726 741
432 1957
4985 18
2445 154
1083 4429
3781 4132
209 3156
879 3911
3473 3346
4250 3886
491 3217
4252 68
3493 261
1107 1885
1665 3268
4749 931
2782 244
3585 4924
3961 1621
3693 1796
2829 4883
202 1378
2711 567
1492 2146
846 3237
4878 2697
1191 1848
2400 453
90 2267
1777 3951
4565 1381
792 4728
3863 3998
301 1807
1655 4614
1804 3728
3719 212
2299 212
624 3641
256 2169
3365 1880
3742 1510
150 314
1538 3287
2293 2045
4019 604
2119 1671
4112 4671
4385 4672
731 2409
2113 3062
3101 130
4493 3537
2131 4055
1379 2515
291 2321
900 4651
1862 3177
2636 962
2491 1531
4719 2372
4228 2155
2615 1915
1412 868
3110 1680
1724 2567
1760 4642
457 1777
2362 857
2478 164
1300 2850
2210 163
2563 3275
2549 1632
91 1039
2038 4178
2812 545
3863 2204
4631 2620
277 321
4899 3846
2047 920
1595 3066
3375 2707
1390 1453
676 3552
2214 1810
1458 315
309 556
1006 675
4783 3076
101 3161
1171 509
2080 1568
442 3377
4059 3938
1115 1461
2978 4225
2275 4763
3876 1031
2570 2560
1675 751
2721 2719
1956 2777
4324 440
4882 2094
4642 557
4702 4398
4236 4714
2989 3393
3624 932
1385 2172
3503 4405
2144 535
4313 1527
4154 1797
4257 103
1607 4320
2614 3412
982 1069
2546 4745
2082 2367
4416 789
1595 3442
138 889
1240 4979
4707 13
2397 2197
4203 1489
4972 2850
2300 4153
2773 4114
3409 2428
185 4731
128 3649
3330 4981
1018 2662
2818 4450
1043 2737
4171 4725
1656 1458
114 3810
1223 3791
2821 3005
1000 3980
3029 2133
2612 4961
1471 4770
1942 3034
929 1731
3883 3470
684 1368
2475 4176
186 2503
3763 1385
3333 511
1301 2977
3057 166
2755 573
2267 1450
3078 1688
2210 4112
1462 3901
3301 3156
1701 2097
2469 711
4267 248
3472 3541
1037 297
4675 3468
4938 2873
3633 3329
979 3764
4335 3699
256 1952
1244 174
2523 3198
2863 4727
1583 2818
1132 1869
4344 2509
3684 4735
817 4253
4650 3456
2945 1814
23 2571
4627 4423
327 98
2070 2279
2251 4040
2044 995
1286 4977
3891 1231
2826 4707
669 395
3548 4488
4527 566
2518 1037
4422 4204
3304 3004
4718 3747
1622 4510
2080 2448
39 4694
4689 3892
1526 2688
99 3992
2511 2585
4045 536
2838 3042
630 1100
2439 4239
4950 47
3722 2656
4664 4114
2418 75
900 4918
1456 1412
4518 3798
17 1647
1760 2701
2181 1427
1248 1000
92 2381
4207 1521
2290 1679
36 1140
2574 4030
4219 3518
1302 2468
143 3751
3837 1074
4997 4559
331 3362
4463 710
1342 1337
2207 3277
560 3428
3534 4405
3321 3047
3526 565
3034 4257
184 1549
491 2993
3477 1260
329 148
3103 4708
4019 1121
523 816
446 1196
4566 4403
1942 4660
2413 4805
4833 3649
1550 379
832 4875
2365 494
1994 648
2344 25
3856 837
913 346
4578 4365
3534 3196
2886 4306
2532 3746
430 176
1130 3588
4939 540
2657 3557
104 323
916 3017
4799 1627
4604 3832
2213 3239
2740 4771
453 1717
805 2544
3026 705
1217 4420
1031 3460
2913 3066
3825 3715
4647 2423
3570 2364
4349 1408
1383 4429
888 3432
1462 536
4488 4533
1839 1296
3186 3578
2467 2430
3353 4037
1920 4309
1437 1148
322 655
1646 2187
1344 3899
3986 624
1869 2591
3895 3455
2583 1987
1305 1699
4483 4544
3132 1131
887 4704
2845 4808
2743 1007
765 4892
4263 2169
3955 1672
133 2843
815 4760
3167 3951
233 3633
1348 3661
625 4404
848 1486
432 3872
1641 661
56 2975
2364 2172
1164 2446
398 3968
398 3675
3508 506
56 1275
4614 3553
692 626
3597 761
3427 641
3752 3590
3703 470
2611 4476
1893 1646
4957 4945
2746 1928
4159 4127
1935 1642
1502 3268
2404 415
1015 3048
4193 3126
4420 1727
2394 1849
561 3518
2893 227
2719 2446
1064 1681
165 4400
4071 3586
1524 3310
3642 4323
4324 1249
3358 1181
2178 2980
3172 198
3390 1900
2278 560
615 809
1013 2252
2573 2498
1207 3646
1865 431
2493 798
3496 3774
1929 3668
2227 80
692 3366
3371 1227
3218 2304
1997 1281
3551 4855
3337 2293
1625 838
2282 4273
4106 2212
4692 3067
667 224
1257 271
2988 620
1782 2397
4728 1370
4694 596
2503 2069
158 566
4085 4973
2875 617
282 2184
4731 4346
3561 245
1370 624
3948 3888
2713 4602
4730 668
1893 2063
347 2314
1332 2181
3275 1503
2574 4582
1788 3948
2155 3704
4030 3912
3875 4589
3031 916
3785 4087
501 2584
3928 3990
3963 1772
2233 2989
4583 46
55 88
583 988
1684 2936
849 4719
4481 2796
3795 126
3609 2155
1388 3702
3672 3408
1556 4383
1029 2816
2657 4397
1319 4797
3659 4101
3038 1773
2912 577
4688 4420
262 2239
1472 131
2531 2453
3707 537
3867 3688
1154 2119
4234 758
4927 1324
457 1247
3136 176
3070 96
2640 2350
3223 3556
3138 3752
4185 171
2181 3397
3019 3979
4173 3820
1065 2028
3395 1380
3259 4795
46 3811
283 1881
2475 1762
2618 1140
999 4204
4514 2748
3259 4076
3028 1278
3926 2253
3227 314
2560 3981
1649 2632
934 4820
4134 2608
4958 453
833 285
2027 4225
2328 1509
910 1345
2580 2285
4516 559
2138 1213
1748 3939
661 1883
3601 2227
4514 1863
4643 1479
1555 4069
2488 4492
4098 2497
2767 428
241 939
4390 2639
941 371
282 232
3935 2314
4815 3685
4498 3420
2228 278
3175 3055
4490 1918
2870 4979
831 2935
4177 3809
3950 3797
3167 4556
287 286
2502 1659
4479 1844
3782 2263
2569 2821
46 348
4598 3584
4753 1530
2626 4201
4134 1039
4662 4898
4866 4176
554 1230
3130 3087
2744 4603
3141 3891
778 1430
525 20
471 391
3309 1129
269 28
23 4089
2026 3333
538 2809
155 3314
1393 2631
3854 4264
715 3503
4970 1395
1252 3891
4048 4352
2003 580
1311 202
4405 4902
3188 2485
1288 4750
1418 4889
4414 2008
647 4282
2041 2590
1984 1120
596 2500
346 1954
899 2638
2111 271
277 2289
4196 1567
4664 129
2127 2460
1840 1711
474 936
2671 3470
1799 206
1960 2052
4770 289
2326 3807
4527 866
2487 905
1717 4348
2382 3395
310 2490
1565 1881
4848 4805
3583 781
1566 1284
2707 1158
2764 515
2159 2842
4001 390
323 2793
1076 2144
1337 1048
3014 2877
2903 530
2181 4936
4796 4739
1951 485
1926 1670
664 338
698 581
3927 3545
1122 4838
3775 2988
3564 738
2329 3653
3825 818
2026 4842
2997 527
3867 2924
110 4572
830 3409
3186 770
2328 2177
1885 2305
4439 740
1018 835
481 404
1234 4032
1591 3512
2738 1866
1288 2949
1203 629
27 4997
2065 4624
4968 3858
2651 238
4281 193
3935 922
3471 1970
4855 2476
319 2718
3348 3807
4834 519
2861 502
4246 486
2712 1566
1718 4971
3121 4154
4215 4947
2831 3509
3028 2838
1053 3748
4653 3265
1898 1742
4957 1146
238 4330
400 4430
1432 2923
2497 4446
578 4100
973 4620
3763 963
4665 633
1780 3480
877 417
4059 4223
846 2645
2926 4613
750 1844
2071 846
3652 4580
2815 2028
3660 2145
3443 1180
1003 1792
3115 4885
4786 1615
4225 2958
3431 4458
2637 4740
4564 2751
2322 4120
2383 1385
990 3338
3708 2586
354 4829
1409 3656
125 1673
1054 1533
10 996
3779 686
917 4889
3451 52
265 3003
1132 2348
878 4955
686 3219
4380 3850
516 955
3385 2794
362 4328
3462 3587
3218 2108
4060 3835
208 1010
4406 3528
1365 1196
1253 3294
3097 4156
3240 741
3592 3952
3909 2150
3566 2532
4609 1956
1444 1299
2117 3408
4753 1826
1563 3679
2684 1787
4133 1500
4152 296
2223 3057
1483 2732
4387 1371
520 1619
291 1537
3968 501
4400 1734
2898 4740
3161 2115
4830 1005
3916 1649
4260 4650
4779 4888
728 1265
3149 4732
2116 40
2691 73
1758 4878
3229 190
4074 1801
3270 1578
3873 3507
3036 4969
2333 2152
1622 4983
4195 1599
3069 1855
530 1340
4010 1935
237 4287
738 3294
4124 4586
772 4936
39 1278
3658 968
3942 3856
4692 2764
1278 1264
426 2818
3576 3955
1663 2044
3237 440
3451 3145
489 1714
4786 4987
232 1182
4637 4002
1706 605
4976 271
3439 3929
2668 1304
3494 2323
2299 2463
3336 2919
3371 1904
3615 962
3153 3112
758 4483
1678 4036
3428 2318
529 4636
7 4717
3261 2948
3205 4355
4074 4406
2796 661
3206 3001
2632 207
3590 4690
2989 2633
2767 489
3982 1897
533 4480
236 398
2796 716
2610 3985
4074 807
3225 3982
1005 404
3662 3974
4604 3490
2552 3867
2859 2945
1679 3955
2398 3530
3003 181
2314 3300
677 1215
2680 1066
4404 1411
4068 698
2066 3024
4380 4165
666 2151
2161 1166
519 356
660 4408
654 4194
1711 2154
3843 3783
4994 2772
3434 3065
3304 3950
2606 3321
2909 381
2501 4521
1348 2569
4177 3552
2349 2269
3005 4735
4108 851
2229 82
4982 1054
1782 3104
104 4001
2520 4646
3664 1565
460 2558
4578 1220
2516 2408
332 4944
2713 4933
2185 2179
3165 1877
4459 1671
1936 4776
2711 3068
1982 2015
1450 2850
1233 3183
4249 3327
3545 1629
2868 1716
2888 2214
2231 1738
3930 3661
463 2966
420 2876
1443 4969
2819 2853
1415 3990
3920 3935
4665 432
4056 3449
359 446
306 3604
3274 4605
3883 4926
343 693
2431 3018
167 1237
2846 3941
171 156
1788 4943
2244 3468
3560 4784
343 3967
4269 495
2053 2101
2183 3836
4568 804
76 143
1352 3592
4276 75
26 1394
1260 2696
1571 2326
3242 3967
1330 4023
952 1501
2601 1181
4618 3433
123 2910
449 4626
3361 3821
2929 3393
2699 671
2410 4458
358 4814
201 487
4873 4484
458 3909
83 2906
4777 3034
3234 153
1762 3899
3226 884
3264 156
2100 64
732 658
1995 2899
2639 4038
36 2560
2838 4191
2497 1516
4781 3378
2604 4612
4642 4450
625 1911
3546 3997
975 4612
737 4214
2490 2522
2283 206
1273 3218
4955 169
3282 1696
4215 716
179 2999
4230 1622
2480 1560
2553 1894
843 3840
70 1523
3512 3369
3747 2956
1494 2429
3883 2354
3358 1132
4825 3600
1662 1786
4220 2042
128 340
422 843
3467 52
102 3713
1303 3852
3179 1148
2507 1080
2487 4015
196 2167
3113 3850
1284 4749
4998 4893
917 927
1851 827
1629 2078
2387 4193
2987 2574
2775 4802
3771 3954
157 115
778 1158
2577 3092
3211 2512
3661 2218
3238 991
1649 4941
4286 2172
4694 4895
2906 3279
2701 125
258 4593
3343 3764
1755 986
1190 2184
2587 4457
535 3305
4339 2880
2965 3926
3426 3956
1716 4792
1428 2396
90 3352
4819 700
3125 2245
4641 1823
1448 4517
677 3749
4766 4891
813 2131
3104 4070
3352 2680
2404 4263
73 2089
920 3775
1611 4823
422 1562
1414 4514
1807 2662
4820 1473
1586 4705
4428 2380
334 4107
2608 3323
3277 3359
2381 4576
4559 1250
2169 3653
3478 3444
2334 1949
2626 4693
1711 1423
876 580
4552 4985
4232 109
4167 4895
673 48
2008 620
4928 1753
2640 1194
406 457
4028 563
2288 1702
2292 3876
4715 1989
1809 604
3443 2002
1720 3028
2181 1207
698 4237
1643 3719
2907 903
388 295
2168 1258
3102 1619
4269 4166
32 1733
1950 2331
1009 3338
582 593
677 4648
610 4726
1663 1638
1722 2514
3337 1613
371 4574
3242 3180
44 3925
4913 173
45 127
448 3800
3231 4782
3288 3224
3993 2383
4936 4175
23 1171
139 3974
1712 4786
3831 4214
1646 2453
1294 3848
1549 2688
4115 208
4760 4710
3897 1098
3701 2367
4012 3539
4143 1460
3575 3522
2387 894
3991 372
1732 2107
4136 642
3504 896
3629 4885
624 4810
1259 261
454 3312
2083 4592
510 2803
1904 1366
312 121
711 436
4153 4688
2506 780
2014 3805
2136 2598
2199 425
4622 4246
3135 2922
3838 1427
3347 1169
4046 3785
4047 592
3160 4558
1705 33
1183 2803
3464 463
754 286
1031 3449
715 3742
142 4186
2861 3006
2526 1015
1621 2126
846 3843
816 1336
2853 458
1275 4494
1370 1063
325 612
4720 2268
189 225
602 2327
3616 272
2147 2279
2435 2557
4082 3938
3465 4912
3978 2610
1227 1133
4696 1641
2473 4120
2642 2069
2083 4877
2404 1763
2880 2584
2975 75
3635 644
2129 748
4872 177
1105 2272
3673 844
140 4005
4828 2124
4827 4111
471 2587
4829 96
3954 3572
38 2079
3782 1361
1086 966
1311 514
445 1550
559 571
3717 2202
2895 175
2079 1088
749 4741
2133 4133
1014 1167
2590 3078
4603 536
1887 3349
160 4420
3819 1804
1046 2165
2665 3124
216 4990
305 3364
2650 4445
2861 1652
342 741
1775 2661
4575 3736
3958 4777
1303 229
2713 2357
4368 3568
3443 3559
1044 4492
4438 982
4813 1006
3661 648
3395 3781
1492 2995
4043 263
651 4115
1561 1228
3945 2075
11 864
491 901
1745 3995
2836 1108
4882 3081
3579 559
1934 3346
3673 4282
2299 2188
4175 2173
1002 1827
2057 163
4240 3352
1821 1136
1352 4423
3555 4601
2839 3704
1827 1819
3367 4220
2684 704
3047 4248
2298 1503
4705 234
3916 2282
2434 3964
4842 988
3697 4819
734 2965
4032 560
2463 4592
4502 970
666 3523
1291 4591
1758 2582
3285 813
4833 2620
740 265
2387 4343
854 4562
74 3049
781 2371
1880 2708
4340 1714
2559 4497
923 88
2373 4323
4009 3442
4413 4513
2635 2125
4789 147
3587 4038
2554 1713
3401 2408
4028 4275
2327 4255
4883 3929
3831 4785
4489 2721
1638 2679
83 1213
1250 4910
2339 4514
1339 4596
2055 1387
766 3969
3403 4696
1478 4267
423 4124
2604 4777
1773 4463
2323 1201
4643 1438
1645 1936
1692 145
1748 775
2241 3044
1897 1659
4322 1663
2912 1733
3548 1701
4105 3668
4338 1719
1102 4084
3001 3953
4427 1451
1908 3593
2932 603
1587 1862
3968 4901
4351 596
1977 4097
3645 2401
1493 4625
1312 86
4334 2777
214 2089
2476 203
3910 1015
2958 2664
1126 1548
3718 550
507 538
3092 4989
4775 1544
4738 3156
2554 243
4691 2421
1668 1308
806 4479
1108 665
3164 1135
3928 2531
720 3258
2258 4769
4283 3401
2249 2568
2878 530
2474 1302
3466 3427
142 365
4245 809
984 2730
2261 4019
3625 4267
2024 465
2661 527
3585 3564
956 2338
1235 3278
753 1315
167 3846
1854 1194
4751 4736
4118 4890
1139 4075
4195 824
3947 1948
1556 1103
2107 3348
295 1105
2229 1881
2473 2516
3631 4051
1174 1743
745 1569
2980 4398
3730 3452
4313 3801
1869 3895
4746 1603
3405 3896
2967 1669
72 112
2050 1005
4137 1976
54 336
4465 2869
830 742
3888 701
2670 4287
3157 992
3005 4315
2152 1969
212 2814
3670 1609
2441 3135
3942 2854
3567 2157
392 4753
84 3767
4169 2101
2406 3100
1561 1539
4507 477
1698 84
2180 3848
2712 1348
2531 1731
715 597
2349 366
1969 4704
2779 27
875 1562
1889 4896
811 865
4356 4466
141 3603
508 4815
3828 2152
3638 4523
4716 2045
4294 2986
843 1332
1890 701
4479 1301
844 3049
1721 3477
118 1146
4923 1219
1318 1595
4668 74
4816 3889
2201 3418
3191 2091
1181 2307
4215 4978
1226 3133
4756 2965
967 996
1687 2532
348 2285
1792 23
686 4941
3057 908
4888 2067
853 806
2413 2625
635 4103
3022 2336
4959 4671
536 782
163 2450
4868 3213
4379 4909
2173 3774
27 1907
3643 1580
4209 4370
3467 2945
1320 2735
3058 4626
1163 2401
2309 1025
1859 4306
1373 4119
4540 4925
3503 2207
1820 3919
1412 1060
4707 3996
3649 4310
4695 1564
3417 4708
2399 2094
2831 3662
1064 29
4126 4069
2575 4233
4309 3565
4562 1056
4139 1603
4194 1138
3942 246
87 1610
1390 4067
3623 4534
836 2176
2271 153
2557 3896
2058 943
4321 1164
494 2980
3892 146
966 327
2345 3038
3535 4865
1201 647
2753 1983
4183 2885
2667 459
4953 4785
1364 332
387 3468
1950 3392
4167 2802
2666 495
1640 55
1464 3118
349 4321
722 1541
1121 3096
1824 4473
1395 4634
3874 4704
3119 1399
4461 3664
2577 3995
426 2868
638 1069
2952 3311
753 4291
206 3920
4679 4980
1896 4981
4357 1260
4680 3456
2802 1290
2672 4330
2373 4508
2412 1900
609 3474
4162 3692
444 889
1736 3381
3748 3585
3577 3794
1774 3286
2984 2380
602 2137
4510 2698
4683 4329
2903 685
3893 1556
3152 4213
714 3833
3873 2727
3396 4476
1097 2739
4210 1078
4850 317
3541 1363
3621 1049
4644 4848
1073 4835
4238 1919
649 2324
2946 3873
563 3096
915 3694
3417 4614
1319 2623
4561 1574
4235 1698
4454 970
655 3692
393 4223
2132 3494
1419 1066
3848 4899
578 324
58 2512
4771 4398
3924 1338
1909 3009
2032 4378
4145 3209
1558 3738
4140 2950
2747 2714
3743 3596
3307 1927
2974 2088
4941 648
4043 292
3159 4374
4205 840
3695 3586
1807 3224
2023 1495
4541 2063
4000 2730
145 2433
1725 4126
3500 2139
2783 3007
3728 888
1660 4660
2570 101
1607 4274
3857 990
771 1653
1304 3758
4954 3727
2012 4094
1250 971
2532 3911
444 1907
519 2411
793 608
4411 2935
4789 1597
2011 4381
3127 4636
468 1125
4090 1729
4888 2245
3655 1925
1414 3499
4992 2449
428 2440
4696 2033
4637 503
492 4395
2784 1827
439 4375
859 2939
4398 1215
2649 497
341 3869
4916 3689
3816 4916
2136 1440
3819 4966
2217 3666
4738 1774
3541 4983
947 390
4693 4338
432 3139
3838 946
2169 3779
80 1560
3063 2357
3434 2197
4870 4850
3461 772
3615 3323
1941 1924
70 2753
2444 4889
1901 4381
1397 816
4198 1160
1977 4564
4471 1966
3729 3537
4816 1745
1745 2811
3899 2401
4953 1395
4084 1776
2057 3339
4336 1973
3082 3587
725 3259
1842 3848
3426 4788
1846 463
356 2672
1765 1559
1637 2822
4755 2048
3765 2427
4225 1266
2555 3067
472 4827
605 3102
2804 1135
2953 4135
3270 1870
2286 2036
2433 209
3788 465
3473 1070
1530 2529
447 4808
3777 59
2754 1094
2337 3603
1033 1199
4494 3661
2092 1367
3750 4248
1868 4352
4200 3512
3644 3409
1445 4659
667 2035
1663 1948
1303 3205
1096 1839
3450 3140
1616 1885
111 3547
4058 2434
3856 406
2189 3720
2399 1840
1044 476
3288 776
4616 4684
460 4384
3920 1617
3826 2264
3193 3250
2082 793
2631 4030
2356 4781
3619 2438
2612 1858
3072 2271
4522 4530
2216 2025
2099 4440
4904 1729
819 4769
4545 4757
1290 2480
1099 1356
677 4525
909 486
3576 2310
528 2287
4757 4165
1347 4065
1600 2034
1123 3289
512 4913
4321 3444
436 3661
1416 1526
2483 4730
4010 1169
3028 3593
4329 1190
2594 852
3877 421
1210 4868
3610 2113
610 2722
4895 3611
4403 3740
3589 2012
2694 2825
2993 25
2682 1539
526 2320
1691 4393
3243 4218
2405 1081
1562 880
4436 1431
1161 4653
2167 2477
1885 4394
4456 2016
2655 1571
3611 4089
4159 1056
1577 1056
2377 2067
116 3346
1591 4476
3921 776
2630 2944
4444 436
1892 4769
3059 4497
4150 1702
2740 1146
3197 2540
1276 2410
3010 4717
332 3628
2441 4985
4904 3915
1821 3179
1021 72
2291 4232
4677 2780
1715 991
2976 2380
3552 3657
1109 2892
2237 1053
431 2560
2698 1045
2934 4248
2013 2915
920 52
1505 1741
4490 838
2257 4374
2615 4284
3816 1406
4225 14
1082 2502
1624 4028
3528 3336
725 2907
4867 1961
2865 241
3030 3814
4457 2936
1605 1268
2143 3368
995 1863
2847 1655
4915 527
4245 3360
2584 2772
4487 442
4557 4571
30 613
1895 4237
2256 4375
2290 4159
3722 3753
2735 4499
1802 4136
4259 1317
2260 4970
3320 187
3604 3438
697 3203
130 3147
4097 3198
1233 3859
1178 2102
3214 3986
4888 4076
200 2861
3438 2044
4122 2642
1383 1010
951 101
90 3917
966 1042
495 1021
3507 1025
2384 2823
1168 4950
1086 55
2131 4900
4296 375
1300 4523
1798 3053
2934 2194
283 578
1700 3852
715 4972
3025 451
1241 2878
1859 4834
1177 628
2824 2002
806 1645
3414 1432
1010 3376
4058 973
3836 3180
3714 1898
1639 1451
1210 3018
1128 1742
1566 4843
2706 125
759 3925
4783 3066
829 412
2082 783
2041 223
3351 639
4869 411
57 1837
728 483
1360 847
2127 3426
1066 1282
1168 2982
3827 2698
538 4976
2359 1745
2880 3908
3171 3200
4899 3981
3048 1718
899 3364
1829 1139
4465 3118
3342 2151
2838 418
473 3485
3918 4150
1610 3933
1879 1570
3675 434
1882 1195
2850 1909
4990 1063
2335 77
628 1315
2003 2178
3288 3991
591 1315
751 4630
1899 4493
1291 4473
585 54
2532 310
4438 1896
1292 3428
3036 2567
2248 838
1775 1506
4380 4060
3763 499
540 2205
1536 2830
2045 3645
3976 2136
2651 3352
3696 115
2009 4007
2 3808
256 1838
4113 994
4817 1423
2637 943
1780 3037
4601 2319
4751 2588
2761 1173
2895 4770
1059 2851
694 4462
3046 3134
1053 1981
4487 2686
734 1777
4511 1933
2778 1876
4505 4608
3555 3454
549 742
4574 3992
739 1973
580 631
2714 3387
2721 2697
2116 2451
2824 1612
3428 4877
1004 233
4784 78
500 414
1796 3028
2702 3577
3811 2183
2552 4963
1013 1467
4713 3889
1488 2448
3377 827
3732 3238
2931 3264
1699 4325
3892 3379
3518 2182
473 18
669 2536
3215 3922
1351 3219
3994 4579
2355 4170
1023 2144
901 2557
4118 2210
3555 3096
3035 3181
1674 3222
2639 1795
4025 3257
4347 1569
1878 2177
4449 2987
3073 3249
2219 3625
1567 836
2285 891
2756 3019
4235 2857
4378 3766
2466 4831
3458 1862
4083 308
1147 3378
79 2735
2150 4082
392 4084
3037 1675
1955 363
1852 2760
4161 1784
3740 3128
4439 2133
2340 3956
2202 815
4111 1321
458 4802
3294 2834
1298 4029
2613 4934
1150 4183
2308 1571
4710 3461
4443 504
1198 3692
36 4991
1610 2054
636 3390
3784 2974
2298 267
3087 4934
3706 3283
2652 4986
377 1901
801 144
1600 2793
4590 2555
4377 1511
3379 4101
2504 3490
3769 2524
2209 4947
94 69
3480 2347
3358 4359
1091 4803
2050 4842
3655 1118
3986 1104
1266 24
1363 2989
522 4316
964 3922
2431 2539
3861 1941
1148 4814
4684 3736
2528 963
2705 4312
36 4168
3019 2230
2525 728
3103 2530
4757 602
4166 4709
4340 4233
4089 3868
4524 4100
2035 3676
4689 3486
14 1519
461 2784
4331 862
3476 1046
534 4377
933 100
28 699
2450 435
1382 2390
376 52
2087 4723
2438 1965
2005 3032
23 3966
4025 2980
1908 4494
2338 2770
3789 1213
901 4785
2935 258
933 397
4012 332
134 2294
2128 2072
2564 4846
3488 1458
3080 1105
3465 3246
3825 3190
3807 1156
4619 4608
1770 589
3793 4246
2072 3090
1640 457
960 3785
3537 2277
451 2987
3003 734
2649 2821
1724 253
986 1463
2216 1529
4746 3604
3963 3226
395 145
3094 2320
151 2619
3486 644
596 136
1402 1036
2828 1455
4965 868
1317 1348
1046 2798
3721 4
1517 3734
1729 2918
3598 3263
4633 1159
540 1869
3171 2657
4367 2553
1665 206
3309 708
3156 4902
2675 2716
4639 4188
2783 1482
2037 806
3328 4012
4370 2870
2318 378
2404 2728
1354 1423
979 3720
1557 4254
2800 4683
3464 1517
4930 1343
743 4421
3473 421
80 3977
307 4925
1720 2718
2758 4028
2930 1417
1076 4219
4886 810
4443 2915
2028 434
1755 1405
358 984
862 4586
4751 146
1996 4075
1722 1060
4094 2341
4932 3308
1258 1314
1992 2502
3923 4071
443 3636
9 1149
2359 4921
1643 2024
2199 4126
39 1238
800 2154
427 2371
3346 4230
1058 4225
968 2105
3084 426
4233 3384
461 1329
3887 165
529 923
3976 1051
295 3930
2043 2087
3017 1543
3032 4849
713 2512
1358 1950
986 1186
1336 4255
3193 3475
2124 72
2401 3398
4426 180
3493 4675
4022 2749
761 1485
4202 2185
2186 2827
1862 4401
1269 4072
3086 4820
2767 1088
2117 1347
3984 4519
1511 225
4465 671
53 1063
2130 1952
1451 1045
608 381
3556 1453
1003 1741
4111 4152
688 4152
4537 2625
3912 4651
4904 3795
3120 4144
3569 2702
4449 4003
3052 3420
3344 3613
2303 4475
1528 2885
1618 4513
1104 902
3487 3895
3859 2211
464 4685
4880 2596
4164 2745
2890 1794
3665 1537
2183 1348
2722 544
2587 3576
1935 3199
2313 644
2191 2882
2994 4689
3387 1531
1228 2390
4790 878
2840 2608
3737 4356
4016 2668
398 2258
762 897
4038 3550
3270 3123
616 4678
3755 3116
1977 142
3263 572
3432 976
1499 1327
1886 544
4877 269
1856 4822
117 2234
1983 2378
4586 3423
3128 4475
1958 4811
4469 2129
3942 3463
1508 345
423 3186
4774 2190
3297 2221
337 774
4723 1074
4472 2409
1072 3522
4416 1224
286 2184
53 1810
4761 2251
215 759
3471 3699
1489 4693
3775 4622
4553 2752
4522 457
2197 4316
1886 761
4916 171
2919 1805
2220 721
4490 2688
2609 488
190 1630
950 2075
586 3847
2191 166
1553 989
1856 4874
3008 3635
1433 2674
3125 3267
4421 4158
2208 3841
4691 3413
1089 583
2861 4815
44 4527
4308 4861
1679 4030
1171 314
4862 695
3178 871
200 377
2460 2412
4703 2530
702 1093
4918 3292
2835 1194
4886 1448
2101 1641
2646 3957
1770 2514
506 67
3693 2226
4680 1185
3782 3680
852 2043
3781 4505
4972 3927
3114 2298
1822 1388
4829 831
254 3201
3691 1789
4458 4430
4692 4776
4287 1865
2780 4142
2693 2492
3343 4845
1304 3259
2316 1976
4810 4912
1355 2428
2518 1889
1100 4482
811 3040
1474 2647
2993 905
4029 2485
4909 3355
1242 99
3781 2117
1969 4213
1549 4553
3588 4800
4801 798
4660 3300
3834 3450
2145 2494
4109 1784
3193 4942
2072 925
2100 496
3462 3137
2748 436
880 114
4201 2713
4900 1379
2728 1645
917 2480
2529 4257
567 1917
1848 3639
3789 1382
4087 2470
1966 885
2130 4143
4246 3123
1564 2741
1064 503
4335 2973
2478 480
1493 3736
1346 3899
1697 3694
3314 1627
4062 1746
4815 4271
3303 1073
4046 4247
2123 461
653 3048
1796 3722
1153 1443
1060 2903
1133 2253
3077 1474
2821 2615
1049 3144
945 4580
999 4031
1202 3369
1609 1832
1596 226
3760 3272
3326 1451
3820 4288
1070 418
3337 4366
445 1622
3615 546
3102 4745
4463 4796
943 3291
2580 3146
124 4979
875 3646
2132 2218
1359 2514
4094 609
2896 3862
4038 2655
3806 2595
4725 1734
1257 3620
4934 970
4548 2847
2411 1592
3476 4583
3653 941
880 4923
1122 4501
319 1329
811 2583
270 534
425 269
4533 4192
15 193
272 1521
2805 4559
4044 4334
4924 1248
3494 1111
3468 4689
866 749
869 4318
3964 1950
2116 4954
1900 4931
2060 1120
514 232
1965 566
1442 917
4620 4621
895 952
4715 660
4025 4119
286 239
2264 1868
3673 2473
1117 345
493 245
4994 1600
345 2077
2794 2833
2025 3574
2181 4361
838 99
2676 1639
179 2812
24 4457
3773 433
2175 4775
1106 4162
3777 1493
2240 4573
1979 1677
4514 1139
487 2289
2803 1998
347 2185
932 3738
4022 2945
4340 339
2037 1786
4739 1651
4403 4742
1297 3981
4166 3571
2157 2689
3158 953
190 14
2899 2350
636 992
4615 1642
3560 4014
1006 3144
4456 3065
3873 1775
3973 3962
4152 2176
1880 2427
294 1912
2597 3859
3703 2823
4335 4332
3306 1713
232 3779
2381 2632
176 4097
3332 220
4083 3038
146 1328
144 3982
2204 4337
3051 3433
863 4078
3248 944
514 4292
302 3378
4866 4681
252 2973
2459 2819
851 822
2750 435
1694 2862
2811 4796
1849 200
4096 468
1894 2784
1071 3362
2431 1964
2634 4183
2873 90
1035 1187
3261 2314
3895 1728
840 295
1143 1761
3414 2302
4676 1453
410 1504
4642 3515
4379 840
4102 3464
3653 3242
4105 4549
2742 373
3446 179
4383 2727
2319 4890
3346 639
167 2722
3516 4405
3069 3477
971 3454
3858 1838
3620 1696
3000 3996
2983 2399
802 4406
4178 827
1889 4584
3964 378
4661 37
317 1372
2626 587
3939 1471
227 2531
2576 377
214 3478
2826 2833
2765 1690
759 100
871 727
2175 4052
1560 852
4699 1627
1882 4274
1305 3596
2227 356
750 1905
2159 2839
4506 3073
1186 739
752 1465
3681 2241
1142 2994
987 835
2558 3551
2 2497
4465 2695
2319 4820
2024 409
4 2883
3297 3976
868 1672
4464 2618
4062 3292
1020 1072
856 4787
1519 1784
4457 326
4252 4957
2720 3482
3766 2402
1001 454
832 4994
2484 4135
3339 4487
1607 1647
912 1327
213 1143
517 2872
2019 1457
3125 2773
4191 2777
969 4058
4165 1293
2581 2645
2425 1336
1124 2409
913 1678
4130 1157
4051 4534
4162 4844
469 434
2875 4521
4126 4727
3222 1303
3564 625
3406 2624
1930 410
287 2408
1606 4693
3755 2149
4612 1813
4371 1957
1054 3500
1846 4021
697 2894
2979 1479
4964 4453
3734 4225
1966 4631
3031 4287
2777 4460
3557 3218
2254 3308
2264 1624
1798 1782
4903 1036
4284 3916
3593 1710
1498 2392
773 302
4581 4074
2132 3054
930 2437
4405 4841
2069 2053
4243 1455
827 3342
3587 2068
2091 496
1875 1187
3306 4033
3163 378
729 3192
1219 3249
1655 479
3555 2597
1953 1995
2311 64
1975 132
3462 2940
2554 1866
2140 3424
2134 9
2823 2850
1257 4309
505 2372
2454 1390
4872 4893
4961 4038
3133 3648
3875 4094
4746 2764
713 2890
3852 1252
216 2815
3413 3187
4492 4275
1569 1937
2652 2670
3776 3657
1696 1947
4123 3769
1749 79
396 4372
4795 948
1163 2361
3283 1029
2111 1128
345 2260
949 1288
64 2717
4826 1243
3114 1487
4056 4999
4207 1867
2041 4369
392 3847
797 122
4296 4614
2097 1594
1974 4093
4829 1686
868 1413
1489 3247
1886 3617
3971 1379
3329 2222
248 916
3442 2334
3939 3163
363 2877
1228 322
1949 2693
3747 4930
539 4556
718 4173
2942 4959
3940 3043
118 1035
927 2301
1226 1069
3301 954
2805 2187
3131 1770
72 1931
47 2231
1573 3271
4646 2286
4130 1708
1367 3976
4069 279
1606 1780
848 335
2804 4772
325 3988
2210 2750
1867 4988
4290 2953
1665 2335
1947 3320
2187 3690
3780 1801
742 3154
4989 1265
3773 2757
823 263
4935 384
4579 3175
40 1809
4353 2064
477 1976
3308 4857
843 3181
1173 4117
932 2310
3603 3921
1252 2215
3574 3583
2190 1097
4618 4495
3699 1539
4053 4968
2198 1257
2372 3347
3621 3523
1359 4612
798 929
2560 4319
3286 156
4638 1723
2489 3468
262 2093
3852 1021
4037 2615
2764 2987
640 1232
4142 3756
2957 1026
697 1849
1848 1456
3650 968
166 4339
2848 87
4654 1265
1323 2311
4738 36
1964 1278
495 3801
16 1385
3118 2476
4885 33
747 44
1334 1651
415 2453
3655 3665
731 3262
4793 909
739 2047
422 4979
6 1147
4092 215
341 3006
4135 13
33 2107
105 666
2531 4411
2880 54
395 3947
962 4960
3661 3902
342 754
4195 1359
4826 983
2536 2906
1529 4254
2866 2838
4217 1791
1977 439
661 3974
3126 2828
2440 3445
292 1098
1682 1498
328 2637
128 4469
3353 1911
1776 1235
2852 879
1362 1674
1245 4384
4492 3800
3368 1819
1653 3380
1463 3642
2396 3478
3143 3965
3703 4043
1997 4359
2663 3490
4262 3395
765 2294
4867 4803
2332 4785
3629 756
743 1819
2738 705
2404 409
3449 2892
268 1227
3168 3737
3666 2445
1377 4166
2959 1593
1940 4001
4126 2490
4181 1491
1425 4855
41 2554
3268 4645
4256 2885
1833 3028
2444 4621
4378 623
1155 1501
3234 4498
349 322
4715 566
4888 2456
3891 3340
583 1003
4756 2073
1860 4939
116 2158
2699 4542
1364 2578
245 4890
2084 2398
3514 3629
4776 3538
1266 4709
242 2873
1118 3843
3447 2802
3706 163
3891 2271
348 3957
3162 183
742 3839
1807 2836
332 3451
2980 1928
2070 2348
4352 363
4421 2314
1149 588
1053 1166
2906 2433
1247 4577
3676 896
4139 2574
1816 3207
3714 1487
420 4198
1310 717
2525 1505
4570 1661
681 3287
338 2260
2083 4456
765 3150
1540 791
4753 2938
2397 1026
3696 4180
3743 102
4816 553
4479 1082
2237 2366
4464 469
2109 3496
2809 3175
4982 163
1792 766
4195 4399
338 1176
1126 2070
1612 1766
3875 460
2729 3329
775 3236
4655 626
125 3285
4192 94
1870 249
1269 3089
80 662
1415 158
322 3915
4476 2729
3466 128
4848 4341
1220 1875
4094 1715
1727 4264
1224 1674
4798 104
3701 4620
2258 3281
4913 1875
2421 118
292 2410
4451 1380
2725 119
3144 1605
1996 3216
2695 4559
3108 2648
2985 3241
421 3200
2288 3138
2805 4641
697 905
4594 2467
4066 2307
4695 254
326 1877
2960 3661
2004 2948
3620 2104
1557 211
3571 4252
4581 1800
271 3065
1431 4988
4471 2630
3535 1945
4362 3959
985 473
4372 2280
3430 938
1112 4829
1256 1724
748 2476
2911 1455
1604 3326
228 1477
1740 3151
3477 3859
1509 2565
2067 3912
511 3503
1811 89
3995 3067
1538 3011
1507 2064
1570 4397
3752 147
4745 425
3833 4246
1782 2010
4942 4011
3297 3008
4990 1450
4330 4599
1857 4012
4054 4643
2532 2313
3828 4062
588 1196
3968 3173
4292 1133
2295 1767
1899 868
1131 3020
3182 4589
4913 2904
252 1900
1573 858
4723 1726
793 4935
2242 199
2127 4351
4602 426
1485 3874
37 1861
4571 1887
2808 582
1337 402
3310 1586
1134 940
3264 989
1020 3727
4284 1788
1669 262
2708 4221
4905 1968
4450 290
652 47
3990 3781
3707 984
2040 3054
1030 1555
1707 904
2463 4040
2405 4410
1659 1787
3324 2447
2933 3823
3932 3952
361 2519
1023 3005
2023 4912
1830 4359
4216 2402
4259 4455
3348 1899
1722 4397
2888 4727
1429 1711
4138 4407
1292 3660
3297 3592
3393 1983
251 305
3162 245
2175 1452
1393 1437
4111 307
4920 1658
1707 693
589 619
2577 4888
2747 3973
545 1368
3014 708
994 205
1417 4132
591 3281
3175 4870
3527 3428
4144 1048
1922 2882
837 3087
2847 107
3625 1047
4308 2604
505 2027
1150 4820
351 3472
502 2447
2142 1193
2253 737
4485 4492
2904 3658
3538 187
4707 1215
708 1853
1162 3744
2177 4897
294 939
4025 2166
1693 1745
552 4111
2596 3744
495 3741
33 4681
389 1767
431 943
2457 4834
2567 462
420 1756
3348 815
2522 4248
3432 3362
1493 3619
2536 4567
474 3665
3681 4477
2760 688
1641 4975
3502 2658
251 3225
1776 1964
2272 2846
2289 3820
1050 908
4380 3241
1360 68
3871 1364
1603 4818
2949 2716
3617 116
3908 4184
1470 2231
825 3363
547 2846
1849 3045
3278 3318
441 542
3325 4983
2875 744
2506 3294
30 3430
538 4458
634 773
2770 3272
2302 4707
3446 2607
2589 3506
4559 744
1202 4665
2399 2308
544 262
568 3101
2908 2450
3633 1050
379 3152
4729 1943
1609 2156
529 2287
1717 1974
3782 1174
1502 1768
63 3063
1574 2421
1124 1387
4223 2383
2796 3255
49 164
4145 355
299 2059
711 1041
1026 3512
493 3896
2956 541
2539 1081
3686 777
3123 1907
2477 2358
201 3105
3998 875
3783 2086
967 4946
3064 4386
62 1852
2272 1008
749 3120
3555 1790
4916 4729
3859 1463
1486 4760
4093 1327
1949 1230
2122 2719
748 2968
3637 4710
4788 4249
1794 4000
3522 4389
1489 1473
4037 713
75 3964
143 4025
3639 4768
414 3731
4975 666
1045 4775
2347 2107
3541 3672
1742 4982
4511 265
3665 860
4047 1376
1027 517
2966 3237
2873 90
3991 2364
3924 1612
1616 694
4378 4984
1262 3250
74 2600
1337 2074
1990 2659
2138 77
4782 442
1754 3633
4100 3489
955 3666
3691 973
3002 2175
1090 2174
1617 1175
31 4528
1066 2814
3847 3369
1832 4536
167 3772
4493 1171
2323 457
48 1887
4065 2093
1589 1520
1685 4745
697 2301
2924 181
1412 2568
3147 1586
1349 4651
462 2840
444 4440
942 1501
497 3260
899 746
4603 2258
2572 217
1842 2372
4053 1577
198 4075
4127 602
890 4689
2219 1182
4976 1467
2975 3854
1086 669
2644 4275
2600 2383
818 4891
4742 3325
3945 3605
1451 3353
4885 609
2415 3331
