10000 500
2 1
3 1
4 1
5 2
6 1
7 4
8 6
9 1
10 9
11 2
12 5
13 4
14 1
15 6
16 5
17 11
18 9
19 6
20 16
21 3
22 15
23 3
24 16
25 24
26 7
27 1
28 1
29 18
30 17
31 7
32 29
33 1
34 18
35 34
36 7
37 13
38 18
39 27
40 36
41 29
42 1
43 16
44 10
45 1
46 22
47 33
48 15
49 35
50 48
51 11
52 18
53 15
54 10
55 25
56 30
57 11
58 40
59 13
60 31
61 60
62 8
63 1
64 41
65 51
66 18
67 18
68 30
69 15
70 31
71 9
72 37
73 47
74 55
75 44
76 33
77 69
78 34
79 68
80 20
81 14
82 32
83 5
84 11
85 32
86 27
87 71
88 54
89 28
90 36
91 33
92 52
93 89
94 65
95 72
96 19
97 78
98 12
99 67
100 8
101 77
102 26
103 60
104 79
105 79
106 8
107 98
108 21
109 20
110 108
111 108
112 51
113 72
114 15
115 78
116 100
117 99
118 52
119 1
120 81
121 49
122 115
123 63
124 82
125 38
126 115
127 85
128 59
129 89
130 80
131 80
132 109
133 25
134 85
135 122
136 79
137 21
138 105
139 62
140 38
141 31
142 60
143 74
144 5
145 24
146 10
147 66
148 104
149 120
150 76
151 91
152 4
153 135
154 115
155 10
156 124
157 151
158 1
159 52
160 80
161 66
162 83
163 109
164 80
165 57
166 147
167 143
168 35
169 117
170 121
171 65
172 36
173 70
174 9
175 84
176 157
177 107
178 128
179 60
180 91
181 22
182 131
183 113
184 171
185 113
186 5
187 39
188 117
189 135
190 89
191 44
192 184
193 7
194 56
195 141
196 91
197 66
198 17
199 43
200 139
201 149
202 25
203 187
204 71
205 75
206 117
207 135
208 159
209 96
210 74
211 158
212 76
213 172
214 41
215 7
216 169
217 147
218 7
219 156
220 4
221 134
222 155
223 15
224 39
225 41
226 21
227 145
228 65
229 102
230 175
231 174
232 184
233 49
234 43
235 43
236 169
237 113
238 137
239 220
240 28
241 46
242 193
243 233
244 235
245 185
246 79
247 116
248 105
249 133
250 213
251 103
252 19
253 165
254 161
255 216
256 150
257 230
258 4
259 193
260 29
261 102
262 102
263 180
264 6
265 253
266 194
267 160
268 109
269 22
270 69
271 238
272 45
273 133
274 14
275 230
276 249
277 86
278 249
279 234
280 42
281 166
282 99
283 93
284 67
285 78
286 149
287 143
288 65
289 229
290 111
291 4
292 285
293 152
294 200
295 145
296 74
297 199
298 15
299 19
300 26
301 248
302 144
303 47
304 71
305 1
306 70
307 191
308 207
309 40
310 78
311 137
312 289
313 287
314 305
315 43
316 86
317 177
318 59
319 268
320 280
321 21
322 237
323 46
324 60
325 93
326 95
327 170
328 68
329 321
330 84
331 65
332 58
333 56
334 61
335 87
336 148
337 192
338 311
339 146
340 77
341 96
342 314
343 186
344 295
345 51
346 302
347 239
348 320
349 221
350 164
351 59
352 25
353 2
354 295
355 328
356 301
357 16
358 273
359 231
360 199
361 169
362 303
363 95
364 235
365 309
366 212
367 271
368 71
369 363
370 195
371 23
372 369
373 183
374 208
375 285
376 167
377 245
378 285
379 2
380 376
381 142
382 26
383 119
384 135
385 218
386 209
387 11
388 152
389 4
390 253
391 119
392 370
393 188
394 268
395 138
396 52
397 209
398 385
399 276
400 60
401 223
402 225
403 396
404 52
405 360
406 248
407 236
408 117
409 365
410 212
411 61
412 286
413 165
414 303
415 175
416 17
417 319
418 147
419 380
420 43
421 284
422 89
423 4
424 169
425 179
426 127
427 287
428 93
429 271
430 27
431 66
432 197
433 339
434 105
435 219
436 309
437 209
438 78
439 88
440 70
441 414
442 210
443 333
444 331
445 217
446 279
447 7
448 115
449 236
450 329
451 256
452 27
453 211
454 28
455 202
456 273
457 276
458 88
459 107
460 278
461 160
462 28
463 16
464 31
465 429
466 360
467 165
468 369
469 344
470 102
471 100
472 272
473 185
474 147
475 378
476 461
477 185
478 452
479 112
480 323
481 93
482 383
483 145
484 301
485 167
486 480
487 449
488 263
489 425
490 155
491 403
492 405
493 485
494 464
495 121
496 456
497 341
498 429
499 114
500 467
501 49
502 389
503 409
504 165
505 445
506 485
507 121
508 353
509 103
510 451
511 14
512 80
513 47
514 384
515 304
516 250
517 302
518 114
519 21
520 16
521 72
522 431
523 88
524 457
525 423
526 344
527 143
528 197
529 164
530 53
531 253
532 459
533 138
534 4
535 104
536 527
537 273
538 288
539 461
540 128
541 205
542 485
543 1
544 275
545 254
546 13
547 341
548 61
549 350
550 77
551 369
552 107
553 237
554 546
555 456
556 404
557 319
558 257
559 19
560 132
561 112
562 288
563 371
564 235
565 473
566 356
567 172
568 363
569 494
570 393
571 559
572 439
573 164
574 261
575 55
576 342
577 412
578 175
579 109
580 74
581 336
582 222
583 251
584 252
585 43
586 534
587 231
588 293
589 342
590 26
591 279
592 253
593 428
594 349
595 84
596 299
597 595
598 486
599 213
600 109
601 339
602 241
603 12
604 144
605 174
606 525
607 544
608 273
609 389
610 418
611 134
612 465
613 367
614 429
615 461
616 41
617 60
618 409
619 603
620 292
621 374
622 175
623 352
624 541
625 327
626 399
627 220
628 35
629 317
630 273
631 334
632 204
633 153
634 552
635 621
636 396
637 518
638 561
639 292
640 326
641 337
642 264
643 89
644 619
645 218
646 347
647 327
648 491
649 251
650 393
651 329
652 584
653 441
654 514
655 252
656 521
657 570
658 428
659 199
660 193
661 547
662 36
663 593
664 351
665 400
666 195
667 524
668 276
669 526
670 259
671 488
672 258
673 351
674 60
675 164
676 462
677 547
678 416
679 374
680 380
681 285
682 633
683 380
684 421
685 433
686 539
687 166
688 573
689 620
690 570
691 125
692 595
693 641
694 378
695 497
696 202
697 102
698 294
699 505
700 576
701 486
702 21
703 449
704 377
705 185
706 191
707 612
708 200
709 47
710 264
711 364
712 48
713 269
714 358
715 538
716 682
717 700
718 684
719 602
720 349
721 303
722 622
723 514
724 112
725 697
726 304
727 389
728 75
729 416
730 441
731 207
732 420
733 582
734 271
735 154
736 503
737 45
738 136
739 338
740 3
741 658
742 486
743 45
744 631
745 476
746 276
747 528
748 630
749 123
750 741
751 576
752 540
753 191
754 646
755 445
756 352
757 419
758 553
759 648
760 759
761 668
762 81
763 121
764 139
765 588
766 303
767 512
768 733
769 261
770 351
771 505
772 22
773 539
774 769
775 259
776 6
777 61
778 740
779 106
780 536
781 15
782 445
783 6
784 531
785 36
786 274
787 194
788 175
789 311
790 473
791 58
792 166
793 363
794 455
795 571
796 139
797 135
798 465
799 116
800 444
801 94
802 398
803 98
804 739
805 25
806 475
807 473
808 606
809 439
810 132
811 603
812 699
813 435
814 105
815 254
816 405
817 536
818 259
819 743
820 309
821 446
822 626
823 47
824 280
825 563
826 87
827 321
828 777
829 98
830 748
831 375
832 159
833 294
834 43
835 551
836 15
837 552
838 129
839 95
840 699
841 175
842 144
843 658
844 114
845 252
846 695
847 384
848 270
849 368
850 700
851 222
852 755
853 127
854 689
855 611
856 71
857 139
858 352
859 773
860 265
861 241
862 176
863 833
864 724
865 130
866 634
867 390
868 709
869 694
870 492
871 721
872 832
873 474
874 716
875 243
876 307
877 525
878 297
879 171
880 838
881 754
882 394
883 640
884 493
885 360
886 499
887 253
888 30
889 710
890 474
891 187
892 135
893 496
894 609
895 877
896 408
897 859
898 37
899 227
900 826
901 294
902 620
903 20
904 192
905 522
906 81
907 480
908 862
909 115
910 480
911 88
912 492
913 406
914 64
915 508
916 787
917 365
918 247
919 329
920 189
921 463
922 107
923 868
924 563
925 288
926 61
927 478
928 671
929 696
930 562
931 564
932 496
933 115
934 94
935 190
936 412
937 854
938 308
939 871
940 397
941 5
942 370
943 452
944 779
945 503
946 170
947 156
948 819
949 844
950 874
951 359
952 748
953 343
954 290
955 79
956 197
957 463
958 252
959 760
960 401
961 23
962 317
963 669
964 857
965 633
966 956
967 803
968 180
969 878
970 685
971 561
972 845
973 561
974 408
975 150
976 122
977 306
978 387
979 663
980 702
981 284
982 506
983 47
984 619
985 847
986 394
987 838
988 553
989 405
990 982
991 968
992 785
993 603
994 445
995 55
996 447
997 136
998 481
999 103
1000 415
1001 767
1002 389
1003 942
1004 16
1005 375
1006 736
1007 827
1008 474
1009 798
1010 319
1011 448
1012 411
1013 538
1014 983
1015 495
1016 524
1017 743
1018 318
1019 647
1020 997
1021 99
1022 475
1023 348
1024 275
1025 839
1026 441
1027 298
1028 874
1029 603
1030 105
1031 854
1032 776
1033 647
1034 767
1035 990
1036 246
1037 720
1038 63
1039 65
1040 265
1041 596
1042 713
1043 685
1044 891
1045 2
1046 516
1047 324
1048 887
1049 580
1050 212
1051 254
1052 206
1053 418
1054 360
1055 427
1056 795
1057 950
1058 791
1059 534
1060 138
1061 825
1062 484
1063 137
1064 58
1065 859
1066 832
1067 921
1068 234
1069 569
1070 435
1071 153
1072 634
1073 543
1074 1073
1075 783
1076 275
1077 10
1078 46
1079 361
1080 55
1081 186
1082 529
1083 935
1084 607
1085 625
1086 372
1087 762
1088 949
1089 476
1090 833
1091 969
1092 1008
1093 62
1094 513
1095 721
1096 866
1097 816
1098 663
1099 1061
1100 988
1101 435
1102 912
1103 832
1104 1087
1105 897
1106 86
1107 731
1108 156
1109 540
1110 643
1111 77
1112 306
1113 1032
1114 958
1115 606
1116 1063
1117 939
1118 478
1119 1022
1120 960
1121 121
1122 389
1123 439
1124 907
1125 543
1126 455
1127 198
1128 418
1129 825
1130 765
1131 244
1132 803
1133 517
1134 511
1135 271
1136 458
1137 423
1138 305
1139 1116
1140 170
1141 844
1142 54
1143 3
1144 640
1145 680
1146 193
1147 698
1148 1027
1149 272
1150 809
1151 1071
1152 569
1153 833
1154 896
1155 287
1156 295
1157 280
1158 773
1159 280
1160 1049
1161 46
1162 304
1163 660
1164 619
1165 205
1166 1142
1167 549
1168 695
1169 717
1170 919
1171 382
1172 301
1173 128
1174 549
1175 1170
1176 884
1177 782
1178 460
1179 680
1180 95
1181 962
1182 650
1183 319
1184 100
1185 960
1186 650
1187 199
1188 349
1189 512
1190 704
1191 756
1192 705
1193 508
1194 984
1195 1067
1196 879
1197 893
1198 1138
1199 140
1200 104
1201 881
1202 112
1203 443
1204 378
1205 231
1206 919
1207 844
1208 348
1209 1158
1210 228
1211 1106
1212 173
1213 1044
1214 302
1215 323
1216 72
1217 79
1218 988
1219 932
1220 472
1221 704
1222 516
1223 1049
1224 263
1225 659
1226 647
1227 677
1228 384
1229 1033
1230 367
1231 392
1232 92
1233 1213
1234 225
1235 292
1236 1204
1237 641
1238 675
1239 452
1240 1158
1241 1025
1242 789
1243 1163
1244 147
1245 423
1246 1098
1247 880
1248 435
1249 16
1250 581
1251 52
1252 1211
1253 1218
1254 737
1255 829
1256 140
1257 188
1258 660
1259 179
1260 966
1261 270
1262 729
1263 450
1264 99
1265 732
1266 193
1267 127
1268 436
1269 56
1270 347
1271 967
1272 1084
1273 660
1274 804
1275 645
1276 752
1277 370
1278 185
1279 361
1280 41
1281 670
1282 282
1283 1236
1284 838
1285 1052
1286 579
1287 154
1288 620
1289 839
1290 784
1291 501
1292 49
1293 1181
1294 1021
1295 1148
1296 1243
1297 985
1298 505
1299 106
1300 82
1301 787
1302 1038
1303 1027
1304 727
1305 470
1306 416
1307 483
1308 1071
1309 153
1310 385
1311 394
1312 1074
1313 783
1314 1166
1315 212
1316 976
1317 1221
1318 728
1319 775
1320 353
1321 821
1322 453
1323 487
1324 720
1325 1007
1326 709
1327 98
1328 866
1329 1199
1330 47
1331 166
1332 862
1333 209
1334 128
1335 536
1336 1117
1337 926
1338 1313
1339 770
1340 562
1341 927
1342 887
1343 413
1344 1276
1345 1073
1346 620
1347 999
1348 748
1349 563
1350 1153
1351 303
1352 384
1353 882
1354 960
1355 757
1356 355
1357 864
1358 232
1359 1198
1360 502
1361 17
1362 1125
1363 1253
1364 299
1365 1158
1366 1304
1367 1093
1368 825
1369 869
1370 887
1371 203
1372 580
1373 1058
1374 38
1375 722
1376 187
1377 419
1378 907
1379 539
1380 1336
1381 1240
1382 353
1383 557
1384 1104
1385 1062
1386 921
1387 315
1388 915
1389 1348
1390 134
1391 455
1392 221
1393 104
1394 259
1395 1229
1396 277
1397 459
1398 819
1399 77
1400 1156
1401 11
1402 238
1403 125
1404 72
1405 1244
1406 242
1407 127
1408 425
1409 393
1410 500
1411 393
1412 1411
1413 1024
1414 9
1415 115
1416 100
1417 826
1418 1308
1419 542
1420 1320
1421 1074
1422 777
1423 946
1424 26
1425 1156
1426 960
1427 1219
1428 219
1429 321
1430 184
1431 233
1432 118
1433 68
1434 773
1435 1416
1436 1212
1437 701
1438 19
1439 938
1440 1417
1441 900
1442 1129
1443 644
1444 564
1445 341
1446 119
1447 1130
1448 816
1449 717
1450 518
1451 979
1452 689
1453 110
1454 461
1455 37
1456 864
1457 450
1458 1039
1459 1155
1460 521
1461 1016
1462 493
1463 227
1464 1323
1465 870
1466 1102
1467 1058
1468 700
1469 821
1470 605
1471 436
1472 1411
1473 419
1474 13
1475 35
1476 732
1477 295
1478 806
1479 323
1480 854
1481 868
1482 572
1483 789
1484 699
1485 1179
1486 427
1487 646
1488 90
1489 1397
1490 805
1491 361
1492 579
1493 54
1494 608
1495 550
1496 28
1497 1456
1498 981
1499 463
1500 386
1501 1010
1502 19
1503 502
1504 1115
1505 1163
1506 1049
1507 76
1508 359
1509 313
1510 619
1511 699
1512 101
1513 16
1514 1288
1515 665
1516 391
1517 523
1518 1157
1519 1212
1520 137
1521 265
1522 1140
1523 31
1524 1318
1525 774
1526 559
1527 338
1528 312
1529 625
1530 1511
1531 974
1532 1288
1533 819
1534 1398
1535 1383
1536 1512
1537 619
1538 25
1539 599
1540 1215
1541 646
1542 241
1543 1225
1544 804
1545 1274
1546 1130
1547 298
1548 1324
1549 1239
1550 1192
1551 819
1552 1010
1553 1260
1554 271
1555 469
1556 1320
1557 753
1558 1285
1559 797
1560 121
1561 958
1562 618
1563 204
1564 545
1565 1304
1566 206
1567 819
1568 805
1569 540
1570 1290
1571 854
1572 204
1573 1246
1574 1482
1575 972
1576 1478
1577 778
1578 475
1579 1202
1580 1116
1581 624
1582 1032
1583 530
1584 729
1585 736
1586 1452
1587 1453
1588 1148
1589 1401
1590 223
1591 287
1592 399
1593 720
1594 184
1595 601
1596 960
1597 575
1598 333
1599 609
1600 1192
1601 189
1602 1026
1603 885
1604 1232
1605 1582
1606 419
1607 9
1608 1460
1609 913
1610 1365
1611 918
1612 1302
1613 1546
1614 97
1615 194
1616 144
1617 1449
1618 377
1619 992
1620 1611
1621 1365
1622 1389
1623 791
1624 344
1625 792
1626 678
1627 820
1628 359
1629 148
1630 1289
1631 503
1632 1352
1633 1426
1634 159
1635 959
1636 1354
1637 115
1638 531
1639 580
1640 652
1641 1495
1642 1501
1643 883
1644 825
1645 1381
1646 242
1647 931
1648 1154
1649 953
1650 957
1651 329
1652 1218
1653 481
1654 22
1655 468
1656 1357
1657 334
1658 509
1659 689
1660 19
1661 605
1662 281
1663 1623
1664 959
1665 1125
1666 1211
1667 1059
1668 960
1669 733
1670 1311
1671 219
1672 1077
1673 876
1674 1256
1675 261
1676 741
1677 1088
1678 217
1679 1283
1680 156
1681 1285
1682 562
1683 35
1684 486
1685 53
1686 364
1687 446
1688 322
1689 1180
1690 578
1691 48
1692 1569
1693 1477
1694 788
1695 1402
1696 415
1697 210
1698 231
1699 1119
1700 531
1701 195
1702 531
1703 1044
1704 89
1705 745
1706 432
1707 1117
1708 1509
1709 890
1710 1250
1711 1517
1712 674
1713 1267
1714 22
1715 1563
1716 1548
1717 483
1718 845
1719 653
1720 17
1721 1719
1722 262
1723 1004
1724 69
1725 1348
1726 1491
1727 885
1728 387
1729 948
1730 695
1731 13
1732 1619
1733 488
1734 1125
1735 26
1736 195
1737 1160
1738 249
1739 721
1740 1488
1741 1119
1742 1492
1743 155
1744 1631
1745 1067
1746 1547
1747 1577
1748 619
1749 460
1750 251
1751 52
1752 177
1753 1285
1754 737
1755 1689
1756 663
1757 106
1758 836
1759 912
1760 1311
1761 134
1762 1072
1763 1213
1764 223
1765 1557
1766 15
1767 528
1768 435
1769 1335
1770 1590
1771 122
1772 1474
1773 1719
1774 305
1775 1675
1776 1225
1777 1269
1778 1131
1779 1225
1780 70
1781 791
1782 654
1783 450
1784 676
1785 1037
1786 871
1787 1295
1788 1662
1789 1203
1790 694
1791 311
1792 307
1793 1674
1794 1041
1795 1210
1796 1290
1797 75
1798 188
1799 1691
1800 1598
1801 1576
1802 502
1803 1515
1804 799
1805 249
1806 1069
1807 1752
1808 824
1809 3
1810 1278
1811 1767
1812 240
1813 969
1814 940
1815 964
1816 1044
1817 707
1818 731
1819 198
1820 452
1821 150
1822 386
1823 226
1824 1015
1825 1063
1826 565
1827 1761
1828 1083
1829 340
1830 1604
1831 178
1832 148
1833 826
1834 1187
1835 1790
1836 1538
1837 683
1838 352
1839 296
1840 570
1841 261
1842 650
1843 1038
1844 1720
1845 959
1846 1539
1847 87
1848 1335
1849 1458
1850 284
1851 973
1852 1300
1853 349
1854 384
1855 266
1856 1426
1857 9
1858 999
1859 614
1860 1783
1861 1260
1862 184
1863 156
1864 1429
1865 319
1866 747
1867 1491
1868 892
1869 1069
1870 145
1871 1738
1872 1696
1873 651
1874 1011
1875 217
1876 643
1877 487
1878 1160
1879 1868
1880 1821
1881 1650
1882 984
1883 1428
1884 916
1885 113
1886 865
1887 891
1888 1330
1889 850
1890 1518
1891 543
1892 1433
1893 1886
1894 1771
1895 242
1896 1047
1897 275
1898 1153
1899 760
1900 1016
1901 495
1902 644
1903 486
1904 598
1905 1623
1906 1408
1907 1575
1908 918
1909 1878
1910 1447
1911 954
1912 348
1913 1379
1914 916
1915 297
1916 669
1917 1357
1918 809
1919 313
1920 877
1921 613
1922 338
1923 507
1924 1632
1925 776
1926 1774
1927 85
1928 205
1929 1138
1930 496
1931 1049
1932 1133
1933 162
1934 924
1935 1727
1936 1826
1937 941
1938 1084
1939 795
1940 1441
1941 626
1942 359
1943 1540
1944 1238
1945 836
1946 442
1947 1329
1948 1572
1949 1271
1950 677
1951 487
1952 975
1953 1354
1954 1177
1955 1698
1956 1613
1957 90
1958 1843
1959 1214
1960 806
1961 178
1962 1230
1963 1849
1964 607
1965 783
1966 980
1967 1612
1968 1843
1969 999
1970 1955
1971 564
1972 1031
1973 59
1974 81
1975 292
1976 1259
1977 1865
1978 216
1979 1944
1980 531
1981 1122
1982 1139
1983 1472
1984 1418
1985 288
1986 153
1987 406
1988 1642
1989 1846
1990 1411
1991 1661
1992 464
1993 1612
1994 1980
1995 1745
1996 1656
1997 923
1998 1002
1999 499
2000 935
2001 756
2002 1780
2003 451
2004 1109
2005 1051
2006 1872
2007 76
2008 724
2009 87
2010 314
2011 1161
2012 1759
2013 410
2014 760
2015 896
2016 637
2017 1632
2018 1880
2019 1746
2020 814
2021 544
2022 209
2023 1870
2024 311
2025 1117
2026 441
2027 1137
2028 770
2029 42
2030 1050
2031 602
2032 529
2033 488
2034 1314
2035 449
2036 416
2037 1438
2038 244
2039 2003
2040 1542
2041 712
2042 2027
2043 1127
2044 1499
2045 1567
2046 527
2047 1074
2048 863
2049 89
2050 956
2051 708
2052 1676
2053 936
2054 1553
2055 194
2056 16
2057 1196
2058 1051
2059 1145
2060 1654
2061 669
2062 1512
2063 1156
2064 1860
2065 1867
2066 1552
2067 1421
2068 838
2069 1851
2070 1262
2071 486
2072 583
2073 1751
2074 950
2075 849
2076 492
2077 366
2078 624
2079 708
2080 1959
2081 1767
2082 375
2083 1939
2084 937
2085 898
2086 1714
2087 1672
2088 734
2089 151
2090 291
2091 1634
2092 1146
2093 133
2094 1173
2095 1595
2096 1208
2097 2071
2098 1554
2099 1427
2100 1426
2101 1304
2102 1448
2103 822
2104 1614
2105 1590
2106 1886
2107 1361
2108 590
2109 2055
2110 1376
2111 2029
2112 1424
2113 256
2114 601
2115 2026
2116 1185
2117 1160
2118 767
2119 982
2120 1688
2121 1515
2122 662
2123 367
2124 1017
2125 1914
2126 1293
2127 1562
2128 535
2129 104
2130 1697
2131 1302
2132 1909
2133 913
2134 2072
2135 1644
2136 23
2137 65
2138 22
2139 1190
2140 66
2141 153
2142 1490
2143 964
2144 1842
2145 997
2146 934
2147 1741
2148 2029
2149 658
2150 590
2151 1689
2152 1606
2153 2101
2154 1152
2155 1512
2156 723
2157 1904
2158 1768
2159 617
2160 1366
2161 1234
2162 644
2163 857
2164 342
2165 1126
2166 974
2167 2144
2168 1981
2169 1222
2170 312
2171 1389
2172 1482
2173 911
2174 528
2175 1017
2176 167
2177 423
2178 313
2179 971
2180 523
2181 546
2182 444
2183 1268
2184 843
2185 159
2186 1245
2187 1530
2188 571
2189 66
2190 1543
2191 781
2192 281
2193 1937
2194 601
2195 2153
2196 1545
2197 392
2198 152
2199 1979
2200 134
2201 938
2202 148
2203 334
2204 1427
2205 84
2206 824
2207 1674
2208 1215
2209 2017
2210 2067
2211 1685
2212 145
2213 1297
2214 1444
2215 941
2216 463
2217 1409
2218 187
2219 742
2220 776
2221 650
2222 379
2223 1453
2224 1077
2225 95
2226 1726
2227 1835
2228 1010
2229 154
2230 401
2231 789
2232 1914
2233 113
2234 1535
2235 480
2236 2088
2237 1557
2238 1296
2239 723
2240 1758
2241 1009
2242 1903
2243 1560
2244 1886
2245 728
2246 2017
2247 1760
2248 176
2249 1846
2250 1464
2251 1741
2252 905
2253 971
2254 1276
2255 113
2256 329
2257 198
2258 2015
2259 2081
2260 1463
2261 1707
2262 1929
2263 1083
2264 489
2265 1210
2266 1554
2267 347
2268 733
2269 71
2270 1505
2271 1099
2272 948
2273 143
2274 1909
2275 1763
2276 770
2277 2184
2278 1902
2279 1966
2280 1622
2281 566
2282 706
2283 352
2284 1878
2285 396
2286 1213
2287 260
2288 918
2289 1880
2290 1068
2291 279
2292 1506
2293 1432
2294 2171
2295 49
2296 2069
2297 1193
2298 546
2299 1407
2300 266
2301 1517
2302 1985
2303 1711
2304 1612
2305 476
2306 746
2307 1539
2308 419
2309 1852
2310 1524
2311 876
2312 1967
2313 857
2314 224
2315 185
2316 1148
2317 1925
2318 212
2319 1407
2320 1221
2321 2136
2322 1545
2323 658
2324 486
2325 1682
2326 1013
2327 1716
2328 1897
2329 727
2330 613
2331 73
2332 1204
2333 741
2334 887
2335 2115
2336 1981
2337 2319
2338 1356
2339 837
2340 610
2341 1966
2342 487
2343 1800
2344 750
2345 1477
2346 1810
2347 816
2348 145
2349 1786
2350 812
2351 546
2352 1798
2353 1327
2354 634
2355 861
2356 238
2357 1178
2358 1463
2359 1374
2360 1355
2361 266
2362 684
2363 2082
2364 2301
2365 1389
2366 1398
2367 712
2368 1532
2369 1152
2370 517
2371 1280
2372 1756
2373 616
2374 439
2375 1420
2376 665
2377 524
2378 1249
2379 2253
2380 2358
2381 1285
2382 1283
2383 679
2384 376
2385 1819
2386 546
2387 294
2388 1220
2389 550
2390 1161
2391 1470
2392 1228
2393 1380
2394 196
2395 2160
2396 68
2397 1852
2398 1587
2399 2341
2400 1425
2401 1631
2402 1982
2403 1364
2404 1877
2405 1374
2406 1506
2407 1362
2408 1459
2409 59
2410 1021
2411 2066
2412 2368
2413 552
2414 1509
2415 1813
2416 276
2417 1995
2418 750
2419 1327
2420 1985
2421 1041
2422 2034
2423 365
2424 1921
2425 1586
2426 443
2427 643
2428 1878
2429 525
2430 164
2431 2026
2432 787
2433 644
2434 2091
2435 2215
2436 720
2437 1752
2438 2225
2439 1738
2440 428
2441 798
2442 74
2443 1769
2444 2243
2445 316
2446 1714
2447 2043
2448 1026
2449 548
2450 716
2451 2110
2452 577
2453 1161
2454 606
2455 1895
2456 874
2457 1292
2458 1538
2459 1562
2460 1117
2461 2389
2462 365
2463 842
2464 1341
2465 305
2466 294
2467 2087
2468 1124
2469 1452
2470 1669
2471 1543
2472 538
2473 2140
2474 1215
2475 1213
2476 2158
2477 2379
2478 1869
2479 1581
2480 796
2481 1416
2482 1336
2483 1265
2484 167
2485 1662
2486 2169
2487 809
2488 1716
2489 1061
2490 2166
2491 1766
2492 2365
2493 491
2494 425
2495 2094
2496 217
2497 589
2498 1977
2499 1284
2500 1637
2501 371
2502 405
2503 774
2504 776
2505 1623
2506 2320
2507 2116
2508 2347
2509 185
2510 2484
2511 2480
2512 2295
2513 1285
2514 2227
2515 1602
2516 177
2517 209
2518 2373
2519 696
2520 126
2521 994
2522 621
2523 690
2524 1673
2525 553
2526 2043
2527 595
2528 1458
2529 1793
2530 1792
2531 219
2532 413
2533 1743
2534 572
2535 38
2536 595
2537 1160
2538 2457
2539 1578
2540 2190
2541 26
2542 774
2543 252
2544 2251
2545 104
2546 52
2547 2412
2548 1932
2549 1319
2550 1276
2551 280
2552 2451
2553 153
2554 713
2555 1083
2556 1421
2557 491
2558 741
2559 2235
2560 302
2561 1694
2562 282
2563 882
2564 2231
2565 926
2566 1072
2567 55
2568 588
2569 1924
2570 961
2571 2256
2572 1116
2573 1078
2574 1427
2575 1682
2576 1096
2577 1726
2578 1472
2579 926
2580 1701
2581 1751
2582 2465
2583 1618
2584 1277
2585 1313
2586 857
2587 503
2588 2581
2589 2499
2590 863
2591 613
2592 163
2593 2216
2594 1625
2595 1815
2596 1249
2597 1716
2598 2090
2599 1776
2600 876
2601 1288
2602 2270
2603 2487
2604 171
2605 2207
2606 2021
2607 2481
2608 1950
2609 1271
2610 670
2611 372
2612 200
2613 534
2614 1570
2615 426
2616 2398
2617 1818
2618 2372
2619 746
2620 1536
2621 1661
2622 746
2623 2066
2624 1021
2625 914
2626 224
2627 1717
2628 1566
2629 424
2630 55
2631 83
2632 906
2633 874
2634 2558
2635 164
2636 1184
2637 470
2638 981
2639 1753
2640 166
2641 739
2642 2123
2643 1983
2644 840
2645 2635
2646 1617
2647 2398
2648 486
2649 1062
2650 884
2651 2
2652 1824
2653 2315
2654 2414
2655 2481
2656 74
2657 1539
2658 2136
2659 1931
2660 1765
2661 299
2662 1437
2663 1061
2664 771
2665 1598
2666 1570
2667 2385
2668 1491
2669 2150
2670 650
2671 497
2672 1983
2673 1936
2674 756
2675 1648
2676 1809
2677 2151
2678 2089
2679 369
2680 2235
2681 187
2682 1493
2683 1760
2684 2132
2685 604
2686 2547
2687 2632
2688 400
2689 289
2690 1987
2691 174
2692 164
2693 870
2694 1481
2695 1031
2696 2361
2697 1242
2698 1035
2699 954
2700 2176
2701 2698
2702 887
2703 2604
2704 810
2705 1611
2706 819
2707 105
2708 358
2709 2043
2710 308
2711 911
2712 332
2713 1173
2714 2687
2715 518
2716 455
2717 298
2718 2164
2719 2665
2720 1804
2721 450
2722 124
2723 2637
2724 726
2725 1034
2726 1435
2727 1527
2728 1603
2729 2022
2730 1895
2731 436
2732 783
2733 1104
2734 436
2735 1704
2736 2409
2737 212
2738 1717
2739 67
2740 1736
2741 870
2742 2701
2743 1346
2744 2395
2745 1981
2746 1142
2747 2051
2748 2230
2749 580
2750 553
2751 56
2752 878
2753 894
2754 661
2755 1938
2756 2231
2757 855
2758 1122
2759 1464
2760 385
2761 2301
2762 1508
2763 38
2764 879
2765 2105
2766 1583
2767 2052
2768 273
2769 91
2770 549
2771 2539
2772 222
2773 2112
2774 1693
2775 2446
2776 1792
2777 1855
2778 1911
2779 2063
2780 1777
2781 1559
2782 740
2783 1163
2784 235
2785 713
2786 752
2787 1726
2788 1136
2789 1250
2790 1706
2791 743
2792 2706
2793 2102
2794 1161
2795 360
2796 2476
2797 1270
2798 2053
2799 1115
2800 79
2801 2767
2802 2751
2803 538
2804 2652
2805 1627
2806 1888
2807 1455
2808 123
2809 973
2810 1242
2811 745
2812 452
2813 1792
2814 2048
2815 2260
2816 1876
2817 1006
2818 49
2819 360
2820 266
2821 1243
2822 1195
2823 2373
2824 1828
2825 301
2826 1602
2827 525
2828 1483
2829 58
2830 2365
2831 2475
2832 1552
2833 1268
2834 2590
2835 2642
2836 1747
2837 2737
2838 1265
2839 412
2840 91
2841 926
2842 946
2843 2383
2844 707
2845 752
2846 1617
2847 2027
2848 248
2849 2800
2850 872
2851 148
2852 1756
2853 2089
2854 1309
2855 2686
2856 1976
2857 1968
2858 1761
2859 842
2860 1868
2861 130
2862 2514
2863 542
2864 2170
2865 2045
2866 2310
2867 2569
2868 806
2869 1750
2870 1928
2871 2129
2872 566
2873 2631
2874 1330
2875 1578
2876 2210
2877 2051
2878 1756
2879 124
2880 1851
2881 2275
2882 1775
2883 2813
2884 582
2885 883
2886 2371
2887 1889
2888 1463
2889 490
2890 1260
2891 1245
2892 619
2893 744
2894 139
2895 444
2896 1063
2897 739
2898 875
2899 1184
2900 1328
2901 1109
2902 2307
2903 2842
2904 1882
2905 1006
2906 69
2907 59
2908 1101
2909 2190
2910 1680
2911 2446
2912 2765
2913 1527
2914 894
2915 2177
2916 1343
2917 2225
2918 791
2919 897
2920 470
2921 579
2922 629
2923 627
2924 35
2925 2291
2926 1176
2927 1738
2928 1935
2929 1664
2930 68
2931 60
2932 840
2933 172
2934 381
2935 564
2936 739
2937 1671
2938 1244
2939 2398
2940 395
2941 1592
2942 1034
2943 1396
2944 568
2945 2106
2946 133
2947 525
2948 107
2949 2424
2950 2462
2951 15
2952 1723
2953 458
2954 2820
2955 2716
2956 440
2957 198
2958 2193
2959 150
2960 2545
2961 429
2962 2003
2963 1271
2964 105
2965 2187
2966 1897
2967 2932
2968 2392
2969 649
2970 144
2971 1761
2972 2761
2973 2316
2974 704
2975 311
2976 2594
2977 1281
2978 635
2979 1146
2980 1782
2981 1191
2982 1595
2983 2223
2984 545
2985 110
2986 1510
2987 1705
2988 642
2989 959
2990 2576
2991 50
2992 2302
2993 1043
2994 1688
2995 18
2996 1987
2997 2099
2998 2745
2999 1008
3000 2722
3001 548
3002 491
3003 1370
3004 477
3005 2867
3006 716
3007 1084
3008 657
3009 3
3010 2491
3011 1289
3012 639
3013 137
3014 2489
3015 652
3016 641
3017 2936
3018 2881
3019 1103
3020 947
3021 2693
3022 1524
3023 2448
3024 856
3025 1499
3026 2553
3027 1085
3028 1443
3029 653
3030 1411
3031 1473
3032 745
3033 444
3034 2124
3035 2748
3036 1840
3037 76
3038 1523
3039 126
3040 786
3041 2302
3042 1442
3043 1118
3044 2344
3045 985
3046 2245
3047 503
3048 2682
3049 2246
3050 1343
3051 1411
3052 939
3053 1950
3054 2917
3055 2433
3056 1686
3057 563
3058 2075
3059 2170
3060 2833
3061 2232
3062 233
3063 378
3064 3032
3065 2987
3066 2632
3067 19
3068 127
3069 432
3070 1398
3071 1353
3072 233
3073 1347
3074 2615
3075 1183
3076 300
3077 440
3078 808
3079 2731
3080 710
3081 1640
3082 688
3083 8
3084 206
3085 2519
3086 2173
3087 1521
3088 86
3089 121
3090 1313
3091 443
3092 2352
3093 2929
3094 2823
3095 2652
3096 2832
3097 2993
3098 1468
3099 1661
3100 65
3101 1581
3102 2757
3103 2906
3104 2915
3105 1009
3106 263
3107 1027
3108 1202
3109 2936
3110 2137
3111 1405
3112 134
3113 216
3114 2092
3115 1223
3116 2443
3117 412
3118 271
3119 2488
3120 2219
3121 1393
3122 2726
3123 3038
3124 1651
3125 2356
3126 2151
3127 1483
3128 2636
3129 585
3130 2557
3131 3037
3132 974
3133 1230
3134 2693
3135 351
3136 1093
3137 893
3138 1982
3139 1102
3140 1026
3141 520
3142 1227
3143 2617
3144 1460
3145 1515
3146 613
3147 1651
3148 696
3149 1051
3150 2743
3151 1496
3152 1533
3153 2295
3154 2362
3155 2809
3156 924
3157 2220
3158 2680
3159 1810
3160 1443
3161 966
3162 2019
3163 2818
3164 2171
3165 733
3166 2186
3167 665
3168 1699
3169 2374
3170 1154
3171 2608
3172 2042
3173 2015
3174 2998
3175 311
3176 1733
3177 2270
3178 3137
3179 2671
3180 3013
3181 1250
3182 2714
3183 2727
3184 1250
3185 905
3186 2182
3187 864
3188 51
3189 2149
3190 2107
3191 2962
3192 2423
3193 835
3194 1164
3195 2685
3196 3016
3197 1631
3198 3052
3199 588
3200 1592
3201 2939
3202 2546
3203 3035
3204 759
3205 24
3206 2919
3207 2810
3208 432
3209 1146
3210 3060
3211 1713
3212 2311
3213 2956
3214 548
3215 1254
3216 2363
3217 2415
3218 262
3219 853
3220 804
3221 690
3222 218
3223 406
3224 1267
3225 452
3226 2537
3227 1539
3228 35
3229 2439
3230 3067
3231 2891
3232 923
3233 141
3234 1769
3235 2386
3236 2308
3237 1753
3238 2694
3239 1490
3240 2986
3241 1407
3242 1997
3243 2036
3244 66
3245 1929
3246 744
3247 1971
3248 2575
3249 2014
3250 3150
3251 1417
3252 2995
3253 798
3254 1375
3255 893
3256 3055
3257 272
3258 3011
3259 2260
3260 2511
3261 2113
3262 115
3263 1667
3264 2233
3265 1807
3266 567
3267 315
3268 584
3269 2993
3270 2391
3271 982
3272 1220
3273 149
3274 880
3275 1063
3276 1288
3277 1998
3278 940
3279 337
3280 1689
3281 2752
3282 198
3283 1037
3284 883
3285 588
3286 1764
3287 1417
3288 2199
3289 3140
3290 3189
3291 3206
3292 142
3293 2389
3294 66
3295 3183
3296 619
3297 729
3298 3060
3299 304
3300 501
3301 303
3302 2485
3303 967
3304 234
3305 1803
3306 1906
3307 1102
3308 371
3309 2637
3310 2217
3311 2544
3312 382
3313 3104
3314 2032
3315 3063
3316 1267
3317 1748
3318 1167
3319 545
3320 1487
3321 153
3322 1465
3323 1739
3324 1107
3325 214
3326 2662
3327 481
3328 781
3329 94
3330 2155
3331 983
3332 2514
3333 2385
3334 428
3335 1948
3336 888
3337 2669
3338 1475
3339 419
3340 2976
3341 579
3342 2560
3343 533
3344 1759
3345 1292
3346 2304
3347 1511
3348 3100
3349 2528
3350 1592
3351 2706
3352 939
3353 385
3354 2991
3355 914
3356 1704
3357 3266
3358 3060
3359 44
3360 2241
3361 2200
3362 1227
3363 2136
3364 37
3365 2909
3366 216
3367 772
3368 1222
3369 2740
3370 2141
3371 3326
3372 2101
3373 2510
3374 3011
3375 2275
3376 89
3377 3246
3378 803
3379 3100
3380 549
3381 74
3382 1868
3383 1700
3384 2082
3385 2303
3386 578
3387 2835
3388 1058
3389 1986
3390 17
3391 1054
3392 1165
3393 3179
3394 2776
3395 1235
3396 562
3397 1097
3398 719
3399 893
3400 684
3401 3122
3402 1649
3403 2896
3404 2200
3405 3162
3406 1720
3407 1817
3408 3114
3409 740
3410 2790
3411 3331
3412 353
3413 2414
3414 446
3415 2650
3416 2119
3417 438
3418 2432
3419 880
3420 1260
3421 2012
3422 257
3423 973
3424 1542
3425 3318
3426 501
3427 782
3428 848
3429 1289
3430 2217
3431 1207
3432 2031
3433 956
3434 1955
3435 1300
3436 1596
3437 79
3438 555
3439 671
3440 2541
3441 2948
3442 1933
3443 371
3444 23
3445 1098
3446 2464
3447 715
3448 2451
3449 2476
3450 2290
3451 2785
3452 2672
3453 472
3454 1148
3455 3203
3456 2908
3457 2073
3458 2010
3459 1614
3460 2561
3461 433
3462 1566
3463 2600
3464 3334
3465 2824
3466 3271
3467 616
3468 1280
3469 1807
3470 3155
3471 770
3472 2125
3473 22
3474 200
3475 1517
3476 2205
3477 2305
3478 3390
3479 1347
3480 1488
3481 2068
3482 1387
3483 2739
3484 2378
3485 715
3486 1260
3487 178
3488 1405
3489 2918
3490 1251
3491 2373
3492 3293
3493 1101
3494 1974
3495 995
3496 1314
3497 20
3498 3133
3499 1486
3500 1388
3501 901
3502 1216
3503 2123
3504 2766
3505 2983
3506 54
3507 2070
3508 3326
3509 1246
3510 196
3511 255
3512 841
3513 2678
3514 2268
3515 1244
3516 1577
3517 902
3518 2871
3519 2086
3520 3445
3521 2733
3522 2754
3523 2134
3524 3220
3525 1495
3526 487
3527 609
3528 1065
3529 2249
3530 2680
3531 2115
3532 1377
3533 2854
3534 2438
3535 739
3536 3306
3537 2731
3538 470
3539 1802
3540 1756
3541 1014
3542 2639
3543 3441
3544 1409
3545 908
3546 3462
3547 1474
3548 2257
3549 2407
3550 650
3551 1281
3552 673
3553 2979
3554 2327
3555 2784
3556 2777
3557 1735
3558 1241
3559 1875
3560 2872
3561 468
3562 3144
3563 490
3564 2228
3565 2192
3566 1076
3567 796
3568 1983
3569 175
3570 2845
3571 2500
3572 2634
3573 418
3574 505
3575 3060
3576 3382
3577 3330
3578 79
3579 3077
3580 3250
3581 659
3582 281
3583 1151
3584 74
3585 2990
3586 1919
3587 2067
3588 2342
3589 1770
3590 3159
3591 2944
3592 2199
3593 1019
3594 712
3595 3249
3596 1733
3597 1652
3598 3464
3599 704
3600 3122
3601 1322
3602 1230
3603 126
3604 1428
3605 533
3606 1762
3607 986
3608 875
3609 1531
3610 3082
3611 1197
3612 708
3613 1310
3614 366
3615 1305
3616 3520
3617 1676
3618 209
3619 1869
3620 1706
3621 1777
3622 44
3623 2633
3624 1992
3625 1380
3626 1291
3627 491
3628 1108
3629 197
3630 3231
3631 2389
3632 1468
3633 3524
3634 2490
3635 1766
3636 101
3637 61
3638 374
3639 2503
3640 2795
3641 1873
3642 1561
3643 1512
3644 1125
3645 2557
3646 3278
3647 2333
3648 3588
3649 2434
3650 864
3651 2004
3652 910
3653 3166
3654 1973
3655 2832
3656 1230
3657 3473
3658 3188
3659 233
3660 2893
3661 2779
3662 2359
3663 848
3664 2507
3665 3185
3666 1050
3667 3478
3668 2070
3669 396
3670 3146
3671 2518
3672 71
3673 1406
3674 3023
3675 2741
3676 3008
3677 3146
3678 2520
3679 1015
3680 1342
3681 2562
3682 2242
3683 3118
3684 2885
3685 3377
3686 2656
3687 1496
3688 1778
3689 2354
3690 202
3691 1183
3692 2127
3693 1864
3694 2595
3695 3689
3696 1348
3697 3143
3698 1123
3699 3319
3700 2223
3701 1851
3702 2550
3703 313
3704 2410
3705 3482
3706 1404
3707 2463
3708 581
3709 2056
3710 1836
3711 524
3712 1512
3713 1937
3714 2064
3715 2149
3716 849
3717 1429
3718 2709
3719 2148
3720 2326
3721 1104
3722 3667
3723 2673
3724 1172
3725 430
3726 3357
3727 1716
3728 2641
3729 2656
3730 816
3731 2865
3732 2969
3733 2298
3734 3419
3735 2437
3736 161
3737 1939
3738 2816
3739 2960
3740 3679
3741 508
3742 1451
3743 2603
3744 2907
3745 2048
3746 1304
3747 3027
3748 877
3749 408
3750 3319
3751 1345
3752 3581
3753 3205
3754 314
3755 2902
3756 1914
3757 1026
3758 2598
3759 2535
3760 3391
3761 1486
3762 1538
3763 1427
3764 2561
3765 1620
3766 1911
3767 2234
3768 213
3769 3600
3770 1827
3771 2838
3772 1938
3773 2810
3774 947
3775 3134
3776 2739
3777 1133
3778 661
3779 755
3780 1065
3781 3290
3782 3448
3783 2808
3784 3179
3785 2701
3786 2185
3787 3126
3788 3403
3789 1263
3790 3686
3791 1529
3792 2472
3793 399
3794 554
3795 1060
3796 3389
3797 2902
3798 2578
3799 3349
3800 3257
3801 1139
3802 1528
3803 2232
3804 988
3805 3403
3806 1009
3807 2769
3808 369
3809 676
3810 1828
3811 99
3812 2682
3813 1752
3814 1090
3815 2847
3816 363
3817 2304
3818 394
3819 3155
3820 1634
3821 2766
3822 1732
3823 3285
3824 2938
3825 1256
3826 186
3827 2513
3828 1585
3829 2154
3830 699
3831 1164
3832 1026
3833 2350
3834 3805
3835 2405
3836 3341
3837 173
3838 2546
3839 2387
3840 1553
3841 1290
3842 361
3843 3564
3844 1753
3845 1393
3846 282
3847 965
3848 985
3849 1649
3850 11
3851 3078
3852 2306
3853 3031
3854 2308
3855 2294
3856 2596
3857 3434
3858 1096
3859 829
3860 483
3861 808
3862 325
3863 1611
3864 3381
3865 3113
3866 416
3867 1016
3868 598
3869 1593
3870 1853
3871 642
3872 3359
3873 2859
3874 1607
3875 1241
3876 2243
3877 523
3878 1660
3879 3853
3880 1837
3881 2802
3882 1888
3883 986
3884 996
3885 1550
3886 1371
3887 1421
3888 2212
3889 2384
3890 2939
3891 1655
3892 1771
3893 1111
3894 984
3895 1298
3896 1401
3897 488
3898 3862
3899 1106
3900 558
3901 928
3902 1429
3903 3125
3904 250
3905 2583
3906 142
3907 3160
3908 3476
3909 959
3910 2655
3911 588
3912 1230
3913 3411
3914 1903
3915 902
3916 3463
3917 1774
3918 2319
3919 1911
3920 3292
3921 195
3922 3912
3923 518
3924 979
3925 2346
3926 2000
3927 3332
3928 1439
3929 3910
3930 3278
3931 3613
3932 2564
3933 443
3934 3347
3935 189
3936 3078
3937 1931
3938 3126
3939 178
3940 1522
3941 286
3942 3704
3943 1944
3944 1845
3945 1350
3946 2990
3947 410
3948 2172
3949 3100
3950 3675
3951 3512
3952 2212
3953 2940
3954 46
3955 3671
3956 3430
3957 2079
3958 3114
3959 578
3960 863
3961 2050
3962 2846
3963 3039
3964 777
3965 3083
3966 3847
3967 2147
3968 2415
3969 3282
3970 1004
3971 237
3972 1153
3973 740
3974 1326
3975 803
3976 3513
3977 2770
3978 3907
3979 408
3980 2869
3981 1622
3982 478
3983 2237
3984 3636
3985 1277
3986 3621
3987 68
3988 1426
3989 643
3990 2664
3991 2409
3992 503
3993 1941
3994 3877
3995 3226
3996 3625
3997 1207
3998 2828
3999 1307
4000 2356
4001 134
4002 1925
4003 96
4004 3630
4005 3787
4006 2616
4007 2800
4008 3995
4009 2685
4010 226
4011 3438
4012 3946
4013 66
4014 3815
4015 2828
4016 538
4017 3404
4018 1187
4019 2714
4020 3372
4021 2209
4022 374
4023 2803
4024 3681
4025 3237
4026 945
4027 1884
4028 3660
4029 2145
4030 250
4031 496
4032 4029
4033 3340
4034 990
4035 2016
4036 3412
4037 2096
4038 3549
4039 1561
4040 2990
4041 150
4042 2937
4043 1139
4044 266
4045 1506
4046 2430
4047 3534
4048 291
4049 808
4050 884
4051 1564
4052 2506
4053 3069
4054 2556
4055 450
4056 1202
4057 1536
4058 3418
4059 2770
4060 3921
4061 1697
4062 2120
4063 3397
4064 409
4065 2950
4066 3511
4067 2256
4068 623
4069 3031
4070 3811
4071 2847
4072 3173
4073 684
4074 3739
4075 2380
4076 1665
4077 1571
4078 1366
4079 173
4080 686
4081 1685
4082 2939
4083 3635
4084 1390
4085 2200
4086 453
4087 3477
4088 1976
4089 352
4090 988
4091 3979
4092 3289
4093 2304
4094 3905
4095 3313
4096 1087
4097 803
4098 693
4099 194
4100 1859
4101 692
4102 783
4103 3343
4104 4034
4105 1407
4106 2977
4107 1188
4108 3536
4109 922
4110 1712
4111 1439
4112 1391
4113 1786
4114 1877
4115 45
4116 767
4117 3162
4118 4079
4119 2964
4120 1352
4121 2904
4122 325
4123 2009
4124 585
4125 1025
4126 880
4127 2890
4128 2200
4129 1644
4130 2321
4131 3350
4132 2286
4133 3175
4134 2727
4135 807
4136 1455
4137 3786
4138 121
4139 2496
4140 2381
4141 2214
4142 2901
4143 2380
4144 1993
4145 755
4146 2021
4147 1947
4148 575
4149 2391
4150 1056
4151 3899
4152 1548
4153 3233
4154 481
4155 962
4156 2591
4157 1407
4158 2003
4159 2049
4160 4059
4161 1586
4162 1901
4163 3628
4164 1947
4165 1811
4166 2466
4167 704
4168 139
4169 308
4170 4019
4171 3570
4172 2962
4173 2715
4174 3982
4175 3795
4176 2017
4177 1843
4178 2798
4179 482
4180 2801
4181 996
4182 2465
4183 4117
4184 881
4185 2731
4186 2909
4187 3284
4188 3991
4189 2999
4190 2082
4191 3893
4192 641
4193 2657
4194 1119
4195 3266
4196 246
4197 3150
4198 914
4199 4123
4200 932
4201 2397
4202 3004
4203 1704
4204 1257
4205 549
4206 660
4207 122
4208 1928
4209 2952
4210 3123
4211 3659
4212 1669
4213 3576
4214 1296
4215 2677
4216 1687
4217 3026
4218 350
4219 299
4220 3097
4221 2904
4222 1422
4223 3352
4224 1929
4225 1432
4226 3139
4227 4085
4228 2936
4229 2063
4230 2877
4231 3293
4232 3677
4233 1561
4234 660
4235 405
4236 118
4237 3935
4238 320
4239 1268
4240 2826
4241 1549
4242 2105
4243 403
4244 3417
4245 2816
4246 3576
4247 655
4248 3435
4249 4120
4250 3965
4251 3073
4252 1024
4253 760
4254 2758
4255 1436
4256 3620
4257 1523
4258 4014
4259 1045
4260 318
4261 821
4262 222
4263 928
4264 3602
4265 3951
4266 1583
4267 3452
4268 3715
4269 2535
4270 2402
4271 3713
4272 3973
4273 3115
4274 1087
4275 2151
4276 3852
4277 3684
4278 1408
4279 812
4280 297
4281 1965
4282 1753
4283 105
4284 394
4285 1605
4286 2810
4287 2169
4288 3186
4289 3200
4290 378
4291 310
4292 4086
4293 2297
4294 1160
4295 739
4296 1893
4297 1632
4298 1990
4299 144
4300 3806
4301 4147
4302 551
4303 2784
4304 3906
4305 993
4306 327
4307 3593
4308 2317
4309 4285
4310 1868
4311 2054
4312 1509
4313 1733
4314 3073
4315 3743
4316 2622
4317 2330
4318 85
4319 2562
4320 3035
4321 1995
4322 3738
4323 2813
4324 177
4325 3528
4326 4316
4327 1409
4328 3304
4329 242
4330 2900
4331 703
4332 3926
4333 2995
4334 2216
4335 655
4336 1581
4337 1197
4338 1760
4339 3854
4340 506
4341 2228
4342 1473
4343 1364
4344 949
4345 1742
4346 469
4347 1300
4348 843
4349 2929
4350 46
4351 1861
4352 3380
4353 399
4354 1871
4355 4091
4356 3113
4357 600
4358 2339
4359 1042
4360 3799
4361 3582
4362 1262
4363 3839
4364 1377
4365 4280
4366 3285
4367 3396
4368 3860
4369 1364
4370 2979
4371 3928
4372 1041
4373 1040
4374 289
4375 2296
4376 1039
4377 853
4378 329
4379 3953
4380 1800
4381 2914
4382 4005
4383 2713
4384 2744
4385 2192
4386 2073
4387 4017
4388 3569
4389 163
4390 3721
4391 4119
4392 3998
4393 101
4394 1662
4395 88
4396 2626
4397 655
4398 2542
4399 292
4400 3398
4401 3246
4402 480
4403 980
4404 2284
4405 2482
4406 31
4407 3945
4408 1489
4409 1002
4410 1541
4411 2251
4412 413
4413 332
4414 4276
4415 912
4416 1647
4417 599
4418 614
4419 3578
4420 4119
4421 3760
4422 4182
4423 2820
4424 3252
4425 1809
4426 2529
4427 1698
4428 2425
4429 9
4430 1616
4431 3006
4432 1864
4433 888
4434 2003
4435 3684
4436 3408
4437 2489
4438 2802
4439 1463
4440 3814
4441 2893
4442 1310
4443 495
4444 3126
4445 3202
4446 2111
4447 3498
4448 727
4449 2243
4450 2286
4451 1906
4452 2724
4453 3715
4454 1792
4455 3899
4456 3337
4457 90
4458 323
4459 1275
4460 2263
4461 3366
4462 3207
4463 2321
4464 2198
4465 253
4466 1828
4467 1807
4468 2696
4469 1856
4470 2622
4471 2437
4472 117
4473 2868
4474 3953
4475 1837
4476 2218
4477 4443
4478 1283
4479 1887
4480 3972
4481 658
4482 2242
4483 613
4484 1166
4485 4232
4486 2997
4487 3375
4488 4209
4489 1858
4490 4312
4491 4040
4492 123
4493 2505
4494 1601
4495 4283
4496 2730
4497 2685
4498 823
4499 3250
4500 3916
4501 3182
4502 2397
4503 2699
4504 1316
4505 822
4506 2013
4507 3725
4508 34
4509 3282
4510 765
4511 1013
4512 1272
4513 2674
4514 4083
4515 2704
4516 2550
4517 826
4518 3326
4519 2432
4520 3376
4521 3517
4522 3598
4523 3806
4524 3071
4525 2031
4526 4286
4527 139
4528 1212
4529 643
4530 1469
4531 1290
4532 3014
4533 3307
4534 1774
4535 2806
4536 2473
4537 82
4538 3075
4539 1133
4540 1715
4541 3817
4542 2317
4543 3429
4544 938
4545 2132
4546 955
4547 2325
4548 688
4549 2566
4550 3817
4551 1609
4552 585
4553 506
4554 1844
4555 2473
4556 1789
4557 3108
4558 3113
4559 4322
4560 4065
4561 1558
4562 1133
4563 914
4564 4122
4565 2602
4566 3688
4567 3231
4568 2223
4569 684
4570 2950
4571 3269
4572 531
4573 438
4574 3485
4575 1418
4576 4176
4577 4533
4578 2364
4579 926
4580 2864
4581 742
4582 4323
4583 1968
4584 3463
4585 2964
4586 1291
4587 4376
4588 1922
4589 323
4590 1997
4591 2018
4592 2260
4593 2163
4594 4408
4595 3015
4596 2936
4597 2988
4598 1262
4599 496
4600 2693
4601 2065
4602 4146
4603 2605
4604 4544
4605 2376
4606 2232
4607 2823
4608 2360
4609 3221
4610 383
4611 1
4612 2291
4613 4230
4614 3324
4615 3331
4616 4072
4617 4126
4618 4537
4619 2798
4620 2989
4621 560
4622 646
4623 4158
4624 3871
4625 2275
4626 3663
4627 3832
4628 3850
4629 4491
4630 3789
4631 2456
4632 2867
4633 1292
4634 4149
4635 1824
4636 2550
4637 3229
4638 1755
4639 2576
4640 3595
4641 4604
4642 1649
4643 1662
4644 2416
4645 3147
4646 2031
4647 1483
4648 73
4649 4421
4650 4119
4651 4578
4652 4373
4653 1015
4654 1289
4655 1633
4656 736
4657 1883
4658 4577
4659 2547
4660 2723
4661 2980
4662 1507
4663 4622
4664 1754
4665 4391
4666 1349
4667 1379
4668 3348
4669 1450
4670 2409
4671 3931
4672 4275
4673 1375
4674 2167
4675 2417
4676 2995
4677 4135
4678 373
4679 4405
4680 3455
4681 2589
4682 1365
4683 341
4684 3442
4685 1381
4686 2432
4687 3958
4688 994
4689 3197
4690 522
4691 2363
4692 3849
4693 3593
4694 2188
4695 1731
4696 3293
4697 3592
4698 2783
4699 451
4700 3324
4701 1420
4702 886
4703 2381
4704 3044
4705 2001
4706 2647
4707 831
4708 4056
4709 292
4710 2505
4711 1575
4712 2897
4713 2883
4714 3275
4715 1867
4716 1994
4717 4634
4718 4553
4719 4094
4720 44
4721 772
4722 3042
4723 1397
4724 4249
4725 1685
4726 3881
4727 2381
4728 1659
4729 1626
4730 1991
4731 1256
4732 368
4733 3316
4734 3672
4735 3724
4736 3561
4737 1475
4738 734
4739 2326
4740 2972
4741 529
4742 1712
4743 3763
4744 3343
4745 3509
4746 2598
4747 3126
4748 4170
4749 724
4750 4542
4751 4476
4752 2234
4753 96
4754 2882
4755 3533
4756 977
4757 3509
4758 1499
4759 474
4760 145
4761 4281
4762 1811
4763 1879
4764 2400
4765 1594
4766 1676
4767 799
4768 2879
4769 2599
4770 3001
4771 3613
4772 4285
4773 4712
4774 2946
4775 1113
4776 986
4777 2111
4778 615
4779 2932
4780 2604
4781 2818
4782 2177
4783 1731
4784 1357
4785 1461
4786 3378
4787 2375
4788 2609
4789 1004
4790 3790
4791 3712
4792 466
4793 2038
4794 3898
4795 1567
4796 4676
4797 4346
4798 1434
4799 1040
4800 2147
4801 2935
4802 1691
4803 3708
4804 1874
4805 2068
4806 733
4807 44
4808 889
4809 3327
4810 3098
4811 229
4812 2831
4813 4239
4814 4172
4815 4126
4816 2777
4817 1304
4818 4781
4819 147
4820 2820
4821 1201
4822 2614
4823 488
4824 1498
4825 1728
4826 4420
4827 4212
4828 1403
4829 4630
4830 5
4831 100
4832 4612
4833 4616
4834 4565
4835 123
4836 3676
4837 3901
4838 4018
4839 3792
4840 2616
4841 3529
4842 3514
4843 3247
4844 528
4845 4237
4846 4423
4847 2958
4848 2212
4849 1306
4850 2032
4851 1177
4852 4817
4853 598
4854 1952
4855 1588
4856 3298
4857 544
4858 3838
4859 890
4860 1785
4861 3895
4862 3113
4863 4589
4864 2461
4865 2648
4866 3411
4867 577
4868 2366
4869 4634
4870 2787
4871 3022
4872 1492
4873 477
4874 4625
4875 1219
4876 633
4877 738
4878 2384
4879 3186
4880 4849
4881 515
4882 1990
4883 4882
4884 1313
4885 2453
4886 1806
4887 1720
4888 1360
4889 2458
4890 2316
4891 4635
4892 2772
4893 3499
4894 1042
4895 4075
4896 4406
4897 3460
4898 4498
4899 4309
4900 2908
4901 4628
4902 3211
4903 1572
4904 3073
4905 3887
4906 139
4907 4562
4908 4383
4909 3218
4910 4887
4911 1077
4912 348
4913 2629
4914 135
4915 3846
4916 4636
4917 2941
4918 2880
4919 1083
4920 1158
4921 4217
4922 1440
4923 2666
4924 541
4925 1276
4926 191
4927 4908
4928 4610
4929 4338
4930 2045
4931 4480
4932 647
4933 3097
4934 2081
4935 1687
4936 3375
4937 3464
4938 2540
4939 4627
4940 361
4941 2121
4942 4740
4943 4032
4944 3876
4945 4548
4946 4235
4947 982
4948 3402
4949 2212
4950 239
4951 4564
4952 3101
4953 4588
4954 3760
4955 500
4956 2549
4957 3209
4958 3933
4959 4223
4960 2775
4961 4386
4962 2326
4963 3796
4964 4030
4965 1482
4966 1695
4967 2767
4968 3264
4969 4486
4970 982
4971 3013
4972 2802
4973 796
4974 872
4975 4053
4976 4633
4977 3883
4978 2194
4979 3
4980 3752
4981 489
4982 1309
4983 370
4984 4312
4985 2412
4986 2186
4987 785
4988 4422
4989 1984
4990 1136
4991 661
4992 676
4993 192
4994 2610
4995 4347
4996 2287
4997 430
4998 2900
4999 1571
5000 1299
5001 1270
5002 4467
5003 1016
5004 4250
5005 3581
5006 4602
5007 4475
5008 12
5009 493
5010 72
5011 13
5012 2631
5013 2677
5014 1193
5015 4565
5016 703
5017 2020
5018 3183
5019 1499
5020 62
5021 2221
5022 52
5023 3736
5024 518
5025 1130
5026 1619
5027 2039
5028 2492
5029 859
5030 1880
5031 3972
5032 2236
5033 4307
5034 100
5035 695
5036 4269
5037 2641
5038 3768
5039 665
5040 4864
5041 5020
5042 1646
5043 813
5044 3874
5045 569
5046 3087
5047 2680
5048 564
5049 2328
5050 4852
5051 4755
5052 118
5053 4180
5054 162
5055 1568
5056 2818
5057 3575
5058 4030
5059 3962
5060 797
5061 830
5062 2642
5063 3499
5064 3251
5065 497
5066 4978
5067 1389
5068 3815
5069 3122
5070 1260
5071 3025
5072 2196
5073 2608
5074 3097
5075 3320
5076 1805
5077 5050
5078 4133
5079 2372
5080 3230
5081 4251
5082 4153
5083 2479
5084 2822
5085 3609
5086 3953
5087 4380
5088 1481
5089 1396
5090 1157
5091 4028
5092 3554
5093 508
5094 2164
5095 2559
5096 2649
5097 3901
5098 1095
5099 4755
5100 4641
5101 2488
5102 1407
5103 1381
5104 1278
5105 2441
5106 3067
5107 3430
5108 1251
5109 775
5110 3951
5111 1742
5112 2242
5113 4769
5114 4664
5115 333
5116 1300
5117 1714
5118 4142
5119 1194
5120 959
5121 3797
5122 5105
5123 2384
5124 2660
5125 4712
5126 4672
5127 1616
5128 4528
5129 1399
5130 1241
5131 2097
5132 4057
5133 1195
5134 2581
5135 3259
5136 3743
5137 2297
5138 1806
5139 4999
5140 849
5141 1996
5142 4851
5143 426
5144 108
5145 2546
5146 3733
5147 4630
5148 3769
5149 4709
5150 3822
5151 4074
5152 2947
5153 2105
5154 1874
5155 3765
5156 4593
5157 954
5158 1044
5159 1620
5160 5001
5161 393
5162 2240
5163 4502
5164 2315
5165 3844
5166 4527
5167 1356
5168 2927
5169 901
5170 4428
5171 100
5172 2681
5173 1082
5174 1691
5175 2957
5176 2378
5177 1077
5178 3614
5179 2033
5180 1437
5181 3256
5182 1185
5183 237
5184 3815
5185 4842
5186 834
5187 2678
5188 1120
5189 1749
5190 4291
5191 1488
5192 2762
5193 3270
5194 2
5195 625
5196 5055
5197 3188
5198 2792
5199 3392
5200 5152
5201 1966
5202 2551
5203 3785
5204 1141
5205 1633
5206 2515
5207 3210
5208 4971
5209 3186
5210 2082
5211 4884
5212 4044
5213 2645
5214 448
5215 1485
5216 4798
5217 4358
5218 51
5219 1783
5220 164
5221 4064
5222 1945
5223 3006
5224 4155
5225 3825
5226 785
5227 947
5228 1670
5229 1558
5230 2616
5231 1950
5232 3152
5233 387
5234 4601
5235 5022
5236 2666
5237 1230
5238 961
5239 167
5240 3213
5241 227
5242 3353
5243 1330
5244 4319
5245 4402
5246 3143
5247 2898
5248 764
5249 3671
5250 1283
5251 4930
5252 4918
5253 465
5254 1188
5255 1186
5256 2221
5257 1719
5258 4859
5259 3495
5260 4531
5261 3023
5262 4474
5263 2784
5264 1492
5265 1791
5266 457
5267 5118
5268 1588
5269 3282
5270 2288
5271 4556
5272 2582
5273 2466
5274 1199
5275 4910
5276 5152
5277 416
5278 2671
5279 1986
5280 1142
5281 3816
5282 3266
5283 397
5284 2241
5285 3840
5286 4949
5287 3891
5288 2343
5289 2571
5290 1019
5291 1607
5292 96
5293 38
5294 2536
5295 3404
5296 2980
5297 2393
5298 4752
5299 5044
5300 1096
5301 5198
5302 222
5303 138
5304 5005
5305 4038
5306 5088
5307 373
5308 3933
5309 2100
5310 835
5311 3696
5312 5184
5313 2616
5314 2421
5315 1806
5316 3720
5317 3148
5318 3098
5319 2577
5320 2980
5321 3761
5322 61
5323 3358
5324 3679
5325 3100
5326 4392
5327 1579
5328 1564
5329 560
5330 2472
5331 3475
5332 2861
5333 5274
5334 4679
5335 4506
5336 4449
5337 419
5338 4092
5339 770
5340 226
5341 1909
5342 455
5343 3467
5344 2668
5345 4865
5346 4969
5347 613
5348 2178
5349 1041
5350 2836
5351 5177
5352 1112
5353 3639
5354 166
5355 1228
5356 1369
5357 4850
5358 3085
5359 236
5360 1579
5361 4925
5362 4778
5363 2835
5364 3175
5365 2814
5366 3674
5367 3407
5368 1340
5369 3486
5370 4497
5371 1951
5372 4360
5373 5173
5374 1729
5375 1091
5376 842
5377 2340
5378 5007
5379 2071
5380 503
5381 4887
5382 1355
5383 2255
5384 2873
5385 1447
5386 4181
5387 53
5388 2689
5389 997
5390 835
5391 4948
5392 5363
5393 132
5394 4817
5395 3910
5396 4784
5397 103
5398 2427
5399 3951
5400 807
5401 2873
5402 5267
5403 625
5404 3582
5405 5244
5406 4926
5407 2597
5408 4805
5409 1606
5410 2194
5411 5365
5412 5395
5413 5356
5414 1783
5415 779
5416 1968
5417 1876
5418 2924
5419 4372
5420 2074
5421 827
5422 4609
5423 3722
5424 3071
5425 573
5426 4582
5427 5118
5428 4947
5429 2881
5430 3320
5431 4066
5432 2289
5433 2672
5434 4026
5435 2103
5436 3130
5437 3007
5438 2366
5439 2907
5440 3384
5441 1344
5442 120
5443 5018
5444 3076
5445 4125
5446 1804
5447 2567
5448 3850
5449 2961
5450 5280
5451 4884
5452 3223
5453 5306
5454 926
5455 4789
5456 4226
5457 2912
5458 2090
5459 5382
5460 685
5461 3605
5462 3022
5463 1344
5464 5276
5465 887
5466 3398
5467 1078
5468 4551
5469 5090
5470 4659
5471 1815
5472 1786
5473 1727
5474 4876
5475 22
5476 5446
5477 3322
5478 4038
5479 4198
5480 2745
5481 5419
5482 3073
5483 1891
5484 3828
5485 1620
5486 5296
5487 2547
5488 2693
5489 2097
5490 1192
5491 4174
5492 1822
5493 1177
5494 4459
5495 1596
5496 1045
5497 633
5498 2745
5499 5049
5500 895
5501 1169
5502 4946
5503 5114
5504 2672
5505 4181
5506 2523
5507 5326
5508 4817
5509 4367
5510 2438
5511 1462
5512 4084
5513 2999
5514 1445
5515 4909
5516 2091
5517 951
5518 1010
5519 4392
5520 4515
5521 3968
5522 2345
5523 1677
5524 2484
5525 1579
5526 432
5527 2646
5528 2978
5529 1076
5530 508
5531 1977
5532 3528
5533 859
5534 307
5535 2529
5536 420
5537 4197
5538 4107
5539 951
5540 2245
5541 1668
5542 174
5543 4258
5544 2156
5545 1595
5546 4246
5547 3753
5548 950
5549 3194
5550 1123
5551 2529
5552 3280
5553 1244
5554 3433
5555 1482
5556 2984
5557 3916
5558 2238
5559 1043
5560 39
5561 2004
5562 5349
5563 5029
5564 766
5565 1625
5566 3143
5567 33
5568 4679
5569 244
5570 3209
5571 4047
5572 2373
5573 1845
5574 2784
5575 3466
5576 3500
5577 4066
5578 4863
5579 4777
5580 5014
5581 4758
5582 2318
5583 3909
5584 928
5585 2182
5586 3110
5587 4575
5588 3220
5589 2949
5590 3958
5591 2636
5592 4410
5593 827
5594 776
5595 1462
5596 2877
5597 3815
5598 1640
5599 3197
5600 3834
5601 3720
5602 2822
5603 1752
5604 1728
5605 1790
5606 4663
5607 5170
5608 2131
5609 1804
5610 5301
5611 2827
5612 2806
5613 5418
5614 5141
5615 5462
5616 3668
5617 4366
5618 5194
5619 2274
5620 3292
5621 860
5622 4869
5623 960
5624 785
5625 5079
5626 3784
5627 5079
5628 906
5629 167
5630 3578
5631 225
5632 56
5633 5394
5634 5313
5635 109
5636 2833
5637 4700
5638 1238
5639 1339
5640 2085
5641 5310
5642 2482
5643 5162
5644 1791
5645 2323
5646 29
5647 244
5648 2124
5649 3635
5650 4304
5651 3826
5652 2078
5653 4565
5654 3889
5655 1077
5656 1715
5657 1359
5658 1289
5659 4335
5660 5438
5661 504
5662 5129
5663 1405
5664 5458
5665 1625
5666 5443
5667 278
5668 3517
5669 5337
5670 1676
5671 85
5672 2736
5673 55
5674 2926
5675 5255
5676 5227
5677 3846
5678 4394
5679 1321
5680 4010
5681 672
5682 1671
5683 4540
5684 408
5685 2397
5686 3542
5687 4374
5688 1435
5689 3492
5690 1289
5691 3470
5692 777
5693 3080
5694 2336
5695 2928
5696 500
5697 5052
5698 2614
5699 3492
5700 3569
5701 10
5702 2611
5703 175
5704 4439
5705 5331
5706 3033
5707 5055
5708 513
5709 3878
5710 1441
5711 5673
5712 1403
5713 2650
5714 836
5715 34
5716 3831
5717 5005
5718 4506
5719 1571
5720 2039
5721 3327
5722 2676
5723 2732
5724 2352
5725 4750
5726 4693
5727 615
5728 866
5729 5424
5730 3468
5731 3912
5732 433
5733 2554
5734 3357
5735 555
5736 3233
5737 5343
5738 5140
5739 1313
5740 968
5741 2560
5742 1089
5743 2972
5744 4040
5745 1548
5746 5224
5747 5665
5748 4443
5749 4289
5750 2697
5751 3488
5752 5674
5753 1108
5754 3483
5755 2471
5756 4198
5757 2044
5758 3878
5759 3908
5760 3571
5761 2862
5762 845
5763 5723
5764 1086
5765 2181
5766 3460
5767 1215
5768 2473
5769 716
5770 4952
5771 2089
5772 4909
5773 3198
5774 5139
5775 4966
5776 4435
5777 954
5778 3488
5779 4244
5780 5141
5781 2843
5782 4616
5783 2452
5784 4624
5785 3864
5786 4198
5787 5312
5788 2748
5789 2925
5790 3107
5791 952
5792 5458
5793 1577
5794 1638
5795 3447
5796 3337
5797 2419
5798 907
5799 3280
5800 3581
5801 1631
5802 4361
5803 163
5804 4109
5805 278
5806 3942
5807 5331
5808 835
5809 4525
5810 2850
5811 5485
5812 726
5813 1261
5814 3246
5815 2199
5816 3848
5817 625
5818 699
5819 1689
5820 4097
5821 41
5822 445
5823 5167
5824 3116
5825 2705
5826 1843
5827 181
5828 2824
5829 4945
5830 3008
5831 5215
5832 2611
5833 2680
5834 2989
5835 2874
5836 1454
5837 4058
5838 4496
5839 5692
5840 2622
5841 4720
5842 41
5843 3508
5844 736
5845 894
5846 4823
5847 5209
5848 455
5849 5077
5850 2012
5851 2841
5852 5615
5853 2948
5854 1029
5855 1599
5856 5384
5857 4340
5858 4087
5859 1255
5860 160
5861 5814
5862 4130
5863 4052
5864 5117
5865 4342
5866 4678
5867 5757
5868 2270
5869 1682
5870 4402
5871 4437
5872 2086
5873 5283
5874 2445
5875 5201
5876 316
5877 4912
5878 903
5879 3000
5880 4861
5881 5556
5882 4160
5883 438
5884 5546
5885 525
5886 480
5887 1060
5888 4196
5889 3262
5890 1982
5891 4787
5892 4004
5893 5882
5894 4107
5895 2663
5896 712
5897 4817
5898 5065
5899 1056
5900 4641
5901 2789
5902 4643
5903 5121
5904 3247
5905 4156
5906 1400
5907 4358
5908 3125
5909 3481
5910 3503
5911 4588
5912 602
5913 2389
5914 5476
5915 2573
5916 5714
5917 3658
5918 385
5919 5424
5920 32
5921 4675
5922 553
5923 3805
5924 5123
5925 2825
5926 5922
5927 1344
5928 1670
5929 2918
5930 2192
5931 5527
5932 5629
5933 1700
5934 5229
5935 3656
5936 3699
5937 5311
5938 2123
5939 4703
5940 1929
5941 1188
5942 5814
5943 3930
5944 3803
5945 2178
5946 1417
5947 5859
5948 5778
5949 1397
5950 2953
5951 3421
5952 2712
5953 5016
5954 5265
5955 182
5956 4788
5957 124
5958 181
5959 529
5960 2642
5961 5626
5962 5851
5963 1280
5964 3235
5965 5591
5966 4698
5967 3088
5968 2276
5969 94
5970 4299
5971 614
5972 4765
5973 1100
5974 3708
5975 4299
5976 3120
5977 654
5978 5084
5979 4916
5980 2915
5981 1457
5982 5697
5983 4217
5984 4452
5985 3430
5986 3522
5987 3837
5988 4155
5989 3212
5990 1274
5991 5749
5992 5960
5993 18
5994 5531
5995 2613
5996 3959
5997 2730
5998 1370
5999 4643
6000 5783
6001 1300
6002 484
6003 4838
6004 595
6005 3456
6006 2994
6007 4571
6008 4260
6009 2218
6010 1748
6011 978
6012 3687
6013 2804
6014 5403
6015 5698
6016 1803
6017 419
6018 5789
6019 3240
6020 721
6021 5008
6022 5322
6023 4334
6024 1497
6025 1243
6026 5628
6027 2578
6028 2506
6029 2707
6030 4119
6031 392
6032 3950
6033 717
6034 1427
6035 970
6036 955
6037 2093
6038 2664
6039 1890
6040 995
6041 973
6042 4985
6043 1874
6044 3896
6045 4475
6046 3007
6047 4143
6048 5627
6049 5416
6050 5785
6051 4718
6052 2886
6053 2363
6054 5810
6055 4751
6056 5702
6057 2357
6058 1558
6059 2584
6060 1793
6061 3715
6062 2009
6063 905
6064 2983
6065 2089
6066 879
6067 4103
6068 331
6069 970
6070 2006
6071 2431
6072 1745
6073 4000
6074 1590
6075 2805
6076 4861
6077 697
6078 518
6079 5015
6080 3207
6081 719
6082 1824
6083 3074
6084 4114
6085 6054
6086 5072
6087 4783
6088 3972
6089 3556
6090 1218
6091 3458
6092 953
6093 5843
6094 3845
6095 259
6096 2352
6097 3898
6098 5062
6099 6024
6100 634
6101 2279
6102 5863
6103 1391
6104 865
6105 2067
6106 555
6107 5353
6108 3201
6109 5320
6110 2534
6111 3263
6112 3901
6113 56
6114 897
6115 1753
6116 4261
6117 6021
6118 5779
6119 5863
6120 1059
6121 1429
6122 2463
6123 1064
6124 3983
6125 2266
6126 5207
6127 3248
6128 1330
6129 4121
6130 858
6131 6057
6132 3192
6133 5953
6134 970
6135 3411
6136 1856
6137 2381
6138 5235
6139 1998
6140 1209
6141 884
6142 5293
6143 100
6144 1511
6145 5389
6146 2568
6147 5939
6148 1642
6149 5539
6150 2068
6151 4491
6152 5324
6153 3189
6154 5636
6155 5808
6156 3562
6157 2482
6158 3370
6159 5137
6160 4243
6161 2079
6162 1665
6163 5438
6164 5868
6165 5495
6166 1018
6167 2630
6168 3759
6169 5287
6170 2811
6171 2740
6172 2886
6173 5595
6174 4447
6175 3284
6176 710
6177 5437
6178 5059
6179 3733
6180 2298
6181 5776
6182 4156
6183 5562
6184 434
6185 1798
6186 4247
6187 6098
6188 695
6189 2369
6190 5438
6191 4094
6192 3920
6193 3259
6194 5053
6195 1743
6196 1758
6197 2940
6198 9
6199 2815
6200 3298
6201 4017
6202 4031
6203 2307
6204 2267
6205 3680
6206 4313
6207 4375
6208 1360
6209 5888
6210 1094
6211 1858
6212 1533
6213 2345
6214 4251
6215 3468
6216 1895
6217 3474
6218 2840
6219 1914
6220 2290
6221 3311
6222 3237
6223 6172
6224 5635
6225 5544
6226 5188
6227 417
6228 4818
6229 3169
6230 2607
6231 2414
6232 18
6233 3170
6234 483
6235 3810
6236 3546
6237 4916
6238 3074
6239 2910
6240 2137
6241 2018
6242 731
6243 3403
6244 1785
6245 3787
6246 2228
6247 3147
6248 5824
6249 311
6250 1950
6251 2091
6252 1177
6253 3737
6254 228
6255 1881
6256 4288
6257 260
6258 3170
6259 3359
6260 1233
6261 4914
6262 4299
6263 748
6264 3324
6265 5318
6266 5753
6267 1670
6268 332
6269 4180
6270 2227
6271 1770
6272 5165
6273 141
6274 5482
6275 4087
6276 238
6277 1862
6278 2605
6279 5312
6280 5973
6281 1625
6282 5536
6283 2824
6284 3844
6285 3679
6286 1292
6287 4232
6288 4490
6289 2241
6290 946
6291 5099
6292 4457
6293 3457
6294 865
6295 4523
6296 3719
6297 2475
6298 2391
6299 2616
6300 6138
6301 4041
6302 1574
6303 5578
6304 6044
6305 4993
6306 1736
6307 3332
6308 2608
6309 5302
6310 2866
6311 1017
6312 4583
6313 1516
6314 3090
6315 3110
6316 6144
6317 3014
6318 3405
6319 1594
6320 5518
6321 4250
6322 352
6323 898
6324 323
6325 1575
6326 18
6327 3618
6328 4640
6329 844
6330 3099
6331 5394
6332 6050
6333 4358
6334 2794
6335 4747
6336 2718
6337 4420
6338 3149
6339 5902
6340 3843
6341 2892
6342 348
6343 3460
6344 4569
6345 4457
6346 1502
6347 3885
6348 5256
6349 4184
6350 4525
6351 3182
6352 3046
6353 3213
6354 3921
6355 6238
6356 2759
6357 4782
6358 91
6359 5440
6360 5363
6361 4787
6362 6086
6363 3412
6364 5871
6365 2641
6366 383
6367 1813
6368 4081
6369 369
6370 1093
6371 4345
6372 2025
6373 4165
6374 5952
6375 4578
6376 2056
6377 2814
6378 3861
6379 237
6380 759
6381 3430
6382 5412
6383 5147
6384 4552
6385 4968
6386 3893
6387 3448
6388 1145
6389 3549
6390 1825
6391 4694
6392 867
6393 141
6394 465
6395 5407
6396 1527
6397 3694
6398 4516
6399 4069
6400 2702
6401 2603
6402 2669
6403 3202
6404 6386
6405 433
6406 3626
6407 4282
6408 1429
6409 3767
6410 2445
6411 810
6412 6167
6413 2645
6414 2572
6415 5020
6416 5564
6417 1878
6418 5416
6419 3275
6420 3035
6421 999
6422 1466
6423 5356
6424 1416
6425 3992
6426 4843
6427 794
6428 5462
6429 5096
6430 3779
6431 1403
6432 6409
6433 3354
6434 73
6435 2497
6436 2894
6437 1180
6438 956
6439 3513
6440 5090
6441 4666
6442 5058
6443 5695
6444 816
6445 203
6446 4104
6447 1609
6448 658
6449 5448
6450 2676
6451 458
6452 6417
6453 4793
6454 1999
6455 1109
6456 220
6457 3618
6458 152
6459 4037
6460 147
6461 5677
6462 3190
6463 6301
6464 929
6465 3355
6466 2350
6467 3112
6468 4826
6469 1994
6470 3366
6471 6407
6472 148
6473 6357
6474 3718
6475 1066
6476 163
6477 2408
6478 4035
6479 2917
6480 5490
6481 2229
6482 3277
6483 5886
6484 3031
6485 1949
6486 888
6487 3894
6488 3958
6489 3498
6490 2732
6491 1819
6492 6016
6493 4903
6494 4347
6495 4082
6496 5270
6497 6434
6498 1791
6499 1497
6500 368
6501 4737
6502 3741
6503 4
6504 3691
6505 3587
6506 2065
6507 3266
6508 1800
6509 3309
6510 6168
6511 2476
6512 1792
6513 3380
6514 5952
6515 4601
6516 1709
6517 5664
6518 3695
6519 4365
6520 1759
6521 4704
6522 3704
6523 2852
6524 4147
6525 888
6526 4701
6527 1067
6528 4887
6529 2117
6530 3006
6531 384
6532 2128
6533 85
6534 4863
6535 1441
6536 6293
6537 2868
6538 5681
6539 474
6540 4969
6541 6244
6542 4698
6543 4316
6544 3236
6545 3212
6546 746
6547 4024
6548 5134
6549 5896
6550 5690
6551 1449
6552 1407
6553 1185
6554 1324
6555 864
6556 4826
6557 4417
6558 1784
6559 5569
6560 2979
6561 6130
6562 2644
6563 6517
6564 2327
6565 2644
6566 307
6567 6090
6568 2332
6569 315
6570 1730
6571 1499
6572 2713
6573 1368
6574 4920
6575 3396
6576 2412
6577 423
6578 1281
6579 464
6580 1476
6581 4764
6582 5363
6583 2284
6584 1527
6585 1240
6586 251
6587 959
6588 2346
6589 2687
6590 4
6591 4094
6592 4787
6593 1108
6594 5816
6595 367
6596 3991
6597 2425
6598 328
6599 6505
6600 2956
6601 5145
6602 995
6603 6031
6604 2011
6605 2987
6606 120
6607 837
6608 1443
6609 2834
6610 4222
6611 2901
6612 4946
6613 6333
6614 1436
6615 887
6616 5969
6617 6407
6618 1549
6619 5460
6620 3303
6621 6275
6622 2342
6623 6481
6624 1070
6625 4567
6626 5448
6627 4406
6628 1084
6629 6573
6630 284
6631 476
6632 309
6633 1494
6634 6108
6635 2625
6636 2803
6637 1205
6638 119
6639 3275
6640 6262
6641 2926
6642 1488
6643 4978
6644 85
6645 3641
6646 1829
6647 4176
6648 5079
6649 6550
6650 1273
6651 1
6652 4805
6653 6128
6654 103
6655 1859
6656 359
6657 3112
6658 4805
6659 4827
6660 5891
6661 3849
6662 2608
6663 2367
6664 5723
6665 288
6666 6418
6667 4526
6668 6050
6669 2092
6670 2587
6671 1925
6672 5003
6673 3314
6674 1447
6675 3919
6676 894
6677 2513
6678 6239
6679 4761
6680 4589
6681 4061
6682 3267
6683 2965
6684 169
6685 63
6686 5109
6687 2916
6688 5580
6689 1922
6690 3674
6691 3711
6692 5382
6693 1667
6694 35
6695 1807
6696 1650
6697 4943
6698 4051
6699 5331
6700 2831
6701 3481
6702 4225
6703 6242
6704 5452
6705 1492
6706 1036
6707 3190
6708 5735
6709 914
6710 5602
6711 4122
6712 1319
6713 4539
6714 6087
6715 2191
6716 306
6717 6000
6718 5686
6719 2215
6720 6368
6721 81
6722 1684
6723 4029
6724 5246
6725 6150
6726 43
6727 5315
6728 4850
6729 3867
6730 3245
6731 2799
6732 2981
6733 4097
6734 6211
6735 698
6736 5826
6737 666
6738 411
6739 1725
6740 4881
6741 2759
6742 5773
6743 590
6744 1079
6745 1693
6746 2804
6747 5565
6748 4911
6749 1624
6750 1048
6751 3273
6752 6053
6753 1796
6754 2064
6755 2104
6756 6355
6757 77
6758 4785
6759 5656
6760 3608
6761 2762
6762 6713
6763 1025
6764 5034
6765 1636
6766 36
6767 1438
6768 5319
6769 1228
6770 3005
6771 3502
6772 476
6773 5598
6774 6546
6775 17
6776 5078
6777 1183
6778 2164
6779 4592
6780 5241
6781 2979
6782 5427
6783 832
6784 2397
6785 1186
6786 6474
6787 5802
6788 1908
6789 795
6790 1917
6791 2015
6792 5059
6793 3554
6794 4236
6795 720
6796 4566
6797 4080
6798 6220
6799 1701
6800 947
6801 1015
6802 5007
6803 3753
6804 1152
6805 1695
6806 2649
6807 3362
6808 3690
6809 3564
6810 3339
6811 3024
6812 513
6813 1281
6814 298
6815 6166
6816 3489
6817 1791
6818 1950
6819 4288
6820 384
6821 5247
6822 1387
6823 5402
6824 1057
6825 5014
6826 6160
6827 1269
6828 2323
6829 3448
6830 1535
6831 5598
6832 6030
6833 827
6834 128
6835 5701
6836 3656
6837 4692
6838 1366
6839 6486
6840 1833
6841 4330
6842 5040
6843 3451
6844 6217
6845 5181
6846 5545
6847 6574
6848 1183
6849 2630
6850 4988
6851 4684
6852 1508
6853 2113
6854 2812
6855 948
6856 710
6857 3580
6858 1006
6859 4422
6860 1554
6861 4283
6862 2633
6863 2607
6864 6227
6865 1727
6866 6302
6867 1447
6868 1835
6869 1793
6870 2251
6871 2782
6872 3772
6873 6217
6874 454
6875 3183
6876 1336
6877 1460
6878 6118
6879 653
6880 73
6881 2542
6882 5135
6883 5853
6884 4555
6885 2812
6886 5229
6887 4153
6888 6441
6889 5353
6890 5738
6891 256
6892 1624
6893 3403
6894 3896
6895 1334
6896 1009
6897 4286
6898 1748
6899 6672
6900 5595
6901 5883
6902 2783
6903 391
6904 6002
6905 4493
6906 130
6907 6664
6908 4793
6909 5821
6910 2299
6911 6865
6912 162
6913 2390
6914 3613
6915 4620
6916 3783
6917 1731
6918 3590
6919 726
6920 351
6921 6124
6922 1812
6923 5060
6924 5077
6925 4904
6926 3046
6927 5676
6928 6388
6929 5541
6930 4547
6931 2502
6932 96
6933 2776
6934 5807
6935 6330
6936 367
6937 1967
6938 6723
6939 2368
6940 1879
6941 706
6942 215
6943 855
6944 6234
6945 1559
6946 2087
6947 2559
6948 1693
6949 1049
6950 1405
6951 1126
6952 4877
6953 5705
6954 375
6955 3991
6956 2373
6957 6854
6958 4130
6959 6875
6960 5737
6961 2529
6962 1110
6963 3185
6964 5546
6965 2204
6966 518
6967 5281
6968 3492
6969 4495
6970 5331
6971 4279
6972 987
6973 5986
6974 4917
6975 3950
6976 1743
6977 6113
6978 2354
6979 1171
6980 5472
6981 4039
6982 40
6983 2255
6984 3694
6985 4451
6986 5803
6987 1973
6988 1984
6989 5222
6990 5832
6991 132
6992 2890
6993 1061
6994 339
6995 5578
6996 2024
6997 4158
6998 4995
6999 1734
7000 6744
7001 4411
7002 5495
7003 5790
7004 594
7005 6838
7006 1808
7007 177
7008 2707
7009 6217
7010 5856
7011 1789
7012 3995
7013 443
7014 2668
7015 2259
7016 4155
7017 6433
7018 6971
7019 6748
7020 2451
7021 1430
7022 2585
7023 5292
7024 7019
7025 713
7026 16
7027 6165
7028 1473
7029 4944
7030 1845
7031 1049
7032 1732
7033 449
7034 4470
7035 3187
7036 3024
7037 2332
7038 4794
7039 6307
7040 2607
7041 3642
7042 5118
7043 4537
7044 5836
7045 1290
7046 5027
7047 3517
7048 6605
7049 3639
7050 3715
7051 5179
7052 2980
7053 3873
7054 2635
7055 4852
7056 390
7057 1302
7058 3640
7059 1532
7060 343
7061 1010
7062 1290
7063 5526
7064 1758
7065 6983
7066 6998
7067 6751
7068 2241
7069 3912
7070 281
7071 2624
7072 618
7073 1196
7074 457
7075 6917
7076 2532
7077 1603
7078 6024
7079 6650
7080 1380
7081 5812
7082 6524
7083 3477
7084 259
7085 3825
7086 7034
7087 5818
7088 225
7089 462
7090 4038
7091 5769
7092 4706
7093 3191
7094 4608
7095 5387
7096 3123
7097 6859
7098 452
7099 3611
7100 3168
7101 3993
7102 4754
7103 4235
7104 1759
7105 4922
7106 2672
7107 5596
7108 6258
7109 3783
7110 6646
7111 5808
7112 406
7113 6061
7114 6701
7115 7060
7116 1219
7117 1053
7118 4815
7119 4122
7120 1194
7121 6109
7122 4733
7123 1901
7124 1207
7125 783
7126 3596
7127 502
7128 5301
7129 5268
7130 4662
7131 3745
7132 1288
7133 2479
7134 6319
7135 4217
7136 3003
7137 1673
7138 2238
7139 6616
7140 1062
7141 1584
7142 4552
7143 6063
7144 4678
7145 2796
7146 6195
7147 5113
7148 4325
7149 2880
7150 1156
7151 4417
7152 5133
7153 5
7154 2834
7155 3273
7156 3847
7157 6129
7158 5774
7159 2282
7160 4392
7161 3269
7162 3055
7163 1189
7164 3946
7165 3387
7166 5293
7167 4381
7168 3394
7169 6218
7170 4062
7171 48
7172 3241
7173 1403
7174 1305
7175 1184
7176 6354
7177 3482
7178 6026
7179 2601
7180 4717
7181 1485
7182 1091
7183 4023
7184 4235
7185 334
7186 1915
7187 878
7188 1325
7189 5624
7190 7064
7191 270
7192 3890
7193 6527
7194 7148
7195 375
7196 4069
7197 5643
7198 2732
7199 3563
7200 1371
7201 3971
7202 5582
7203 2966
7204 1610
7205 1580
7206 4151
7207 7019
7208 6167
7209 5464
7210 2792
7211 77
7212 1085
7213 3323
7214 2553
7215 5492
7216 7039
7217 460
7218 4191
7219 3500
7220 7174
7221 1013
7222 1829
7223 4943
7224 2728
7225 5187
7226 6426
7227 5496
7228 5619
7229 2602
7230 3990
7231 5973
7232 5740
7233 6304
7234 43
7235 6057
7236 1090
7237 5642
7238 6584
7239 833
7240 5132
7241 2138
7242 2683
7243 5555
7244 542
7245 3711
7246 6664
7247 4730
7248 3215
7249 6678
7250 6921
7251 4318
7252 6294
7253 5826
7254 5630
7255 2269
7256 6151
7257 706
7258 1155
7259 911
7260 6159
7261 7082
7262 4667
7263 124
7264 5320
7265 2431
7266 433
7267 1051
7268 49
7269 6146
7270 5515
7271 719
7272 5913
7273 1406
7274 1494
7275 4579
7276 4153
7277 3155
7278 4418
7279 1848
7280 6310
7281 3178
7282 5007
7283 1383
7284 3750
7285 773
7286 4725
7287 2960
7288 6692
7289 1494
7290 4510
7291 6526
7292 5867
7293 4917
7294 3373
7295 2135
7296 6086
7297 1293
7298 3190
7299 4103
7300 1346
7301 124
7302 5224
7303 1153
7304 5616
7305 5018
7306 3868
7307 4889
7308 5008
7309 2305
7310 1228
7311 2557
7312 3566
7313 4545
7314 3415
7315 7019
7316 3863
7317 5135
7318 1524
7319 1833
7320 2089
7321 3375
7322 1133
7323 445
7324 1692
7325 6056
7326 5131
7327 6620
7328 5178
7329 1139
7330 3309
7331 2932
7332 175
7333 2434
7334 285
7335 2231
7336 7208
7337 4171
7338 999
7339 64
7340 4460
7341 1710
7342 616
7343 1716
7344 267
7345 6850
7346 2445
7347 3062
7348 3158
7349 5424
7350 5244
7351 2675
7352 622
7353 1406
7354 7322
7355 5632
7356 6287
7357 1058
7358 4634
7359 6851
7360 3821
7361 612
7362 3978
7363 768
7364 4766
7365 521
7366 349
7367 819
7368 2659
7369 2702
7370 4909
7371 5466
7372 4801
7373 1519
7374 4519
7375 4255
7376 2661
7377 3955
7378 6256
7379 3649
7380 4159
7381 4068
7382 435
7383 5505
7384 3225
7385 4476
7386 5141
7387 2809
7388 2956
7389 1367
7390 5045
7391 3817
7392 1001
7393 894
7394 2732
7395 3033
7396 858
7397 5984
7398 6376
7399 616
7400 1163
7401 2501
7402 7028
7403 105
7404 5599
7405 5723
7406 2907
7407 3572
7408 3841
7409 524
7410 6297
7411 2987
7412 5671
7413 4173
7414 7135
7415 2653
7416 7235
7417 4001
7418 319
7419 6465
7420 5010
7421 5430
7422 1065
7423 1420
7424 6032
7425 6125
7426 6026
7427 6584
7428 2829
7429 1652
7430 590
7431 5538
7432 517
7433 404
7434 3023
7435 4784
7436 7090
7437 4495
7438 5831
7439 1340
7440 2033
7441 6493
7442 3848
7443 5778
7444 1187
7445 3457
7446 6321
7447 2205
7448 2490
7449 1610
7450 4209
7451 4016
7452 6578
7453 4322
7454 3699
7455 5592
7456 1462
7457 4288
7458 1577
7459 5147
7460 4912
7461 4103
7462 5422
7463 2896
7464 4143
7465 3120
7466 38
7467 3989
7468 6090
7469 4859
7470 4597
7471 6091
7472 6796
7473 5422
7474 7405
7475 1265
7476 712
7477 4616
7478 2822
7479 94
7480 652
7481 5227
7482 6073
7483 7088
7484 5935
7485 956
7486 3588
7487 694
7488 7353
7489 804
7490 5230
7491 6214
7492 2822
7493 6341
7494 3176
7495 2945
7496 2912
7497 2496
7498 1357
7499 5977
7500 2712
7501 3622
7502 5121
7503 5651
7504 2277
7505 5656
7506 2659
7507 5300
7508 739
7509 2413
7510 7370
7511 4594
7512 5115
7513 5005
7514 166
7515 2850
7516 4257
7517 2283
7518 1889
7519 5158
7520 1538
7521 2737
7522 1600
7523 7166
7524 6401
7525 4562
7526 6328
7527 2841
7528 1522
7529 2870
7530 7336
7531 6003
7532 738
7533 5249
7534 6706
7535 7334
7536 3262
7537 6913
7538 617
7539 3843
7540 847
7541 5868
7542 1942
7543 6705
7544 3576
7545 6492
7546 7104
7547 981
7548 3573
7549 3216
7550 1529
7551 7118
7552 1286
7553 6518
7554 3255
7555 2889
7556 5643
7557 57
7558 5779
7559 239
7560 5241
7561 379
7562 4667
7563 2208
7564 5151
7565 2891
7566 3029
7567 146
7568 7170
7569 4215
7570 3015
7571 6480
7572 2696
7573 5729
7574 5990
7575 7048
7576 5262
7577 1902
7578 1922
7579 3172
7580 1474
7581 1713
7582 2819
7583 2008
7584 1227
7585 6063
7586 4303
7587 3862
7588 1708
7589 674
7590 4884
7591 6004
7592 7045
7593 3173
7594 3504
7595 5699
7596 4978
7597 3957
7598 4885
7599 6970
7600 2438
7601 1172
7602 6717
7603 4498
7604 275
7605 1724
7606 4982
7607 5799
7608 1138
7609 4839
7610 6007
7611 2347
7612 7134
7613 4467
7614 883
7615 3357
7616 6587
7617 4476
7618 2357
7619 958
7620 2748
7621 912
7622 6109
7623 4570
7624 5980
7625 4725
7626 2612
7627 652
7628 1234
7629 6288
7630 3590
7631 1549
7632 7135
7633 4384
7634 5944
7635 4630
7636 6634
7637 5045
7638 6773
7639 851
7640 4699
7641 2984
7642 3639
7643 989
7644 4547
7645 5285
7646 7024
7647 5995
7648 2202
7649 1048
7650 671
7651 7553
7652 3372
7653 7349
7654 7630
7655 5612
7656 1307
7657 6382
7658 469
7659 5206
7660 7600
7661 3819
7662 5079
7663 202
7664 2351
7665 3724
7666 3837
7667 873
7668 844
7669 2062
7670 5519
7671 4275
7672 1001
7673 3654
7674 4854
7675 5202
7676 2519
7677 6699
7678 5770
7679 2677
7680 909
7681 1003
7682 2636
7683 5927
7684 1023
7685 783
7686 576
7687 2415
7688 4193
7689 289
7690 5093
7691 3113
7692 3786
7693 6628
7694 5243
7695 5161
7696 4660
7697 650
7698 1422
7699 7649
7700 1377
7701 3250
7702 667
7703 5725
7704 6556
7705 7165
7706 2946
7707 826
7708 1981
7709 1661
7710 1901
7711 257
7712 4495
7713 38
7714 1932
7715 6187
7716 3115
7717 889
7718 5508
7719 7170
7720 958
7721 2976
7722 3226
7723 2448
7724 6998
7725 7357
7726 5258
7727 5712
7728 5678
7729 7502
7730 3563
7731 6321
7732 5721
7733 6214
7734 6208
7735 3766
7736 2726
7737 3444
7738 4917
7739 615
7740 158
7741 6266
7742 4146
7743 1525
7744 6784
7745 2158
7746 4976
7747 7496
7748 4556
7749 678
7750 7524
7751 2
7752 3025
7753 1495
7754 5158
7755 6681
7756 6414
7757 5086
7758 7024
7759 4622
7760 6480
7761 6843
7762 4350
7763 281
7764 1620
7765 3090
7766 3632
7767 6908
7768 6907
7769 5386
7770 1411
7771 1378
7772 5133
7773 6919
7774 3837
7775 2570
7776 1300
7777 197
7778 4863
7779 1079
7780 477
7781 2082
7782 6503
7783 3622
7784 5098
7785 6428
7786 2134
7787 4690
7788 3329
7789 2306
7790 2068
7791 2607
7792 4834
7793 1597
7794 6898
7795 5847
7796 4339
7797 6203
7798 3390
7799 5627
7800 4953
7801 1107
7802 6123
7803 6718
7804 3778
7805 7151
7806 4063
7807 7243
7808 4314
7809 4810
7810 2568
7811 308
7812 7148
7813 3556
7814 2171
7815 7616
7816 4717
7817 6145
7818 2165
7819 5812
7820 3925
7821 4581
7822 1034
7823 4712
7824 1059
7825 856
7826 5504
7827 5867
7828 1250
7829 6190
7830 3508
7831 5990
7832 6335
7833 6375
7834 6601
7835 7751
7836 1914
7837 6862
7838 4483
7839 2500
7840 3017
7841 1180
7842 2676
7843 5415
7844 237
7845 4552
7846 472
7847 3751
7848 2505
7849 5218
7850 6560
7851 7181
7852 1757
7853 3665
7854 5788
7855 4727
7856 4160
7857 4521
7858 2406
7859 2879
7860 5088
7861 5002
7862 601
7863 2878
7864 169
7865 1365
7866 3106
7867 3420
7868 7744
7869 1829
7870 6636
7871 2701
7872 6585
7873 459
7874 1881
7875 3209
7876 870
7877 696
7878 3422
7879 6913
7880 1323
7881 5848
7882 6674
7883 1633
7884 3869
7885 4075
7886 104
7887 5828
7888 3200
7889 80
7890 5145
7891 7676
7892 7663
7893 4352
7894 1487
7895 3441
7896 3758
7897 4261
7898 5239
7899 2860
7900 2581
7901 7073
7902 3796
7903 53
7904 1603
7905 5480
7906 5221
7907 2215
7908 6770
7909 4607
7910 6127
7911 4742
7912 1792
7913 3427
7914 5994
7915 172
7916 2358
7917 2396
7918 5172
7919 2160
7920 5180
7921 3293
7922 1684
7923 54
7924 7431
7925 4908
7926 1669
7927 2243
7928 1845
7929 1967
7930 3738
7931 7758
7932 873
7933 979
7934 3259
7935 4817
7936 6796
7937 1229
7938 2762
7939 3402
7940 6262
7941 5093
7942 2671
7943 1922
7944 6519
7945 4890
7946 1909
7947 1543
7948 4159
7949 6058
7950 4338
7951 3654
7952 6102
7953 2280
7954 5873
7955 5050
7956 6363
7957 135
7958 4852
7959 6337
7960 2871
7961 6782
7962 1030
7963 509
7964 233
7965 2705
7966 3820
7967 7518
7968 491
7969 1499
7970 6460
7971 7312
7972 4490
7973 4425
7974 4182
7975 1932
7976 2125
7977 6366
7978 894
7979 6308
7980 1556
7981 514
7982 59
7983 1103
7984 7461
7985 6772
7986 6057
7987 1390
7988 3830
7989 3119
7990 5140
7991 6762
7992 4417
7993 5971
7994 3588
7995 4397
7996 1362
7997 3985
7998 5277
7999 6108
8000 1274
8001 3300
8002 7494
8003 5996
8004 7451
8005 2762
8006 4025
8007 962
8008 46
8009 5214
8010 5058
8011 2650
8012 933
8013 446
8014 2708
8015 4875
8016 1373
8017 7048
8018 369
8019 4084
8020 3667
8021 4405
8022 1798
8023 181
8024 3221
8025 379
8026 853
8027 7255
8028 2369
8029 6215
8030 6824
8031 2102
8032 2483
8033 2841
8034 2368
8035 4700
8036 3087
8037 5593
8038 5803
8039 6749
8040 4234
8041 3218
8042 5270
8043 5042
8044 6699
8045 7446
8046 4009
8047 1526
8048 240
8049 5355
8050 3647
8051 6319
8052 47
8053 873
8054 2086
8055 5341
8056 1166
8057 5547
8058 6956
8059 349
8060 7128
8061 1453
8062 114
8063 4406
8064 6384
8065 3269
8066 515
8067 6571
8068 4651
8069 1410
8070 2705
8071 5685
8072 2041
8073 2538
8074 2698
8075 4536
8076 4800
8077 7049
8078 1916
8079 2637
8080 493
8081 3409
8082 386
8083 4304
8084 3181
8085 930
8086 8003
8087 5994
8088 2240
8089 6124
8090 1107
8091 4411
8092 1386
8093 5787
8094 4215
8095 3363
8096 3981
8097 2734
8098 4481
8099 4125
8100 3558
8101 5030
8102 3766
8103 3057
8104 4358
8105 494
8106 7976
8107 3292
8108 5400
8109 339
8110 2132
8111 7404
8112 3166
8113 3103
8114 893
8115 1804
8116 7894
8117 7455
8118 609
8119 7865
8120 3799
8121 52
8122 916
8123 2281
8124 2030
8125 2317
8126 1381
8127 2546
8128 5705
8129 152
8130 4230
8131 2419
8132 5108
8133 6138
8134 1987
8135 1908
8136 223
8137 960
8138 4688
8139 4145
8140 2707
8141 3000
8142 6980
8143 3293
8144 2347
8145 6106
8146 7063
8147 2215
8148 7845
8149 4498
8150 4150
8151 1170
8152 3220
8153 7484
8154 555
8155 8010
8156 6358
8157 1640
8158 7827
8159 4840
8160 310
8161 1471
8162 6406
8163 7305
8164 2521
8165 7603
8166 2239
8167 2360
8168 2651
8169 255
8170 2924
8171 462
8172 7081
8173 1721
8174 3214
8175 4556
8176 4075
8177 4277
8178 3203
8179 6654
8180 5765
8181 3899
8182 3774
8183 3477
8184 5506
8185 2467
8186 5936
8187 3638
8188 4518
8189 1290
8190 3599
8191 3853
8192 4468
8193 5122
8194 6254
8195 4708
8196 4776
8197 3732
8198 5996
8199 6749
8200 3102
8201 1783
8202 6873
8203 6078
8204 2209
8205 6520
8206 7747
8207 6967
8208 1021
8209 3821
8210 6098
8211 6775
8212 4207
8213 3853
8214 3484
8215 8181
8216 7838
8217 3949
8218 794
8219 6866
8220 798
8221 6988
8222 3090
8223 3781
8224 4886
8225 5426
8226 5233
8227 6337
8228 28
8229 1993
8230 2607
8231 7846
8232 4182
8233 828
8234 820
8235 1449
8236 5679
8237 8107
8238 3081
8239 540
8240 4565
8241 3956
8242 1063
8243 7003
8244 1710
8245 6627
8246 5184
8247 5385
8248 5048
8249 892
8250 7614
8251 5896
8252 910
8253 4095
8254 4713
8255 973
8256 2948
8257 6213
8258 2034
8259 4245
8260 157
8261 2458
8262 2609
8263 5241
8264 2343
8265 7875
8266 698
8267 4659
8268 4446
8269 2895
8270 3206
8271 6257
8272 1602
8273 4274
8274 3560
8275 5089
8276 3924
8277 7225
8278 1239
8279 3572
8280 5860
8281 7632
8282 6911
8283 38
8284 2584
8285 6015
8286 4835
8287 3570
8288 5796
8289 1915
8290 3559
8291 493
8292 7092
8293 1508
8294 769
8295 7
8296 2845
8297 3812
8298 3154
8299 3105
8300 7133
8301 1279
8302 2753
8303 973
8304 3845
8305 3651
8306 1012
8307 5991
8308 3163
8309 5272
8310 6241
8311 6911
8312 758
8313 5922
8314 3124
8315 4636
8316 4211
8317 7931
8318 6337
8319 7867
8320 5564
8321 4907
8322 3803
8323 2321
8324 2341
8325 7058
8326 6724
8327 2495
8328 1512
8329 5632
8330 6690
8331 3044
8332 610
8333 2039
8334 4301
8335 8063
8336 1772
8337 62
8338 5837
8339 745
8340 5229
8341 7577
8342 643
8343 7245
8344 6746
8345 3298
8346 4720
8347 6551
8348 6850
8349 7591
8350 90
8351 2326
8352 3535
8353 4162
8354 2132
8355 3114
8356 5322
8357 1374
8358 1488
8359 2160
8360 4195
8361 7876
8362 7667
8363 838
8364 1813
8365 4214
8366 219
8367 6351
8368 7848
8369 6336
8370 1197
8371 8357
8372 3479
8373 5372
8374 8123
8375 5270
8376 5490
8377 8241
8378 6747
8379 3646
8380 5271
8381 2862
8382 2720
8383 58
8384 390
8385 4868
8386 1353
8387 1710
8388 6125
8389 2639
8390 4126
8391 1368
8392 5479
8393 7645
8394 5863
8395 7537
8396 3940
8397 7438
8398 6605
8399 478
8400 2153
8401 5775
8402 6920
8403 6057
8404 3767
8405 1618
8406 930
8407 1741
8408 5031
8409 1651
8410 7920
8411 7831
8412 487
8413 5656
8414 4322
8415 6159
8416 62
8417 7163
8418 419
8419 6795
8420 5326
8421 1260
8422 6027
8423 728
8424 6149
8425 2465
8426 7872
8427 2201
8428 1224
8429 425
8430 559
8431 1965
8432 1716
8433 6552
8434 4431
8435 3066
8436 1792
8437 2697
8438 5545
8439 2431
8440 1562
8441 4116
8442 129
8443 2663
8444 4503
8445 5337
8446 6145
8447 8057
8448 4467
8449 1965
8450 8356
8451 4711
8452 5140
8453 2170
8454 1292
8455 1937
8456 7050
8457 6350
8458 851
8459 5097
8460 5992
8461 7321
8462 8334
8463 7249
8464 7912
8465 8397
8466 8015
8467 6222
8468 2734
8469 3983
8470 2696
8471 2267
8472 7913
8473 4538
8474 8376
8475 101
8476 7146
8477 5761
8478 2128
8479 1458
8480 5381
8481 7727
8482 7357
8483 2544
8484 2427
8485 3371
8486 7717
8487 6089
8488 4835
8489 836
8490 5384
8491 2207
8492 7833
8493 7696
8494 3916
8495 6559
8496 275
8497 6571
8498 2558
8499 2068
8500 4753
8501 2137
8502 1897
8503 2173
8504 4577
8505 557
8506 1346
8507 1331
8508 2355
8509 6026
8510 662
8511 1035
8512 3545
8513 7477
8514 8047
8515 1551
8516 3228
8517 5111
8518 56
8519 6516
8520 3624
8521 6529
8522 1653
8523 8216
8524 836
8525 7926
8526 7890
8527 3752
8528 1723
8529 5051
8530 2790
8531 4075
8532 7619
8533 4465
8534 7812
8535 3328
8536 4212
8537 5752
8538 5625
8539 896
8540 8420
8541 5574
8542 1663
8543 5013
8544 262
8545 4281
8546 5173
8547 3274
8548 4627
8549 4928
8550 7374
8551 1920
8552 1329
8553 3736
8554 215
8555 5628
8556 6865
8557 2093
8558 7649
8559 5059
8560 384
8561 7817
8562 822
8563 229
8564 1776
8565 215
8566 8007
8567 4649
8568 4130
8569 7539
8570 7164
8571 5095
8572 5825
8573 3713
8574 2134
8575 2746
8576 3250
8577 4113
8578 1299
8579 946
8580 6694
8581 5473
8582 1205
8583 8331
8584 764
8585 4179
8586 3834
8587 1643
8588 2993
8589 5012
8590 2427
8591 152
8592 614
8593 7205
8594 233
8595 184
8596 7661
8597 7309
8598 6835
8599 6760
8600 7835
8601 3622
8602 4345
8603 2013
8604 7261
8605 5912
8606 2042
8607 8579
8608 7744
8609 2214
8610 4501
8611 7793
8612 5501
8613 7245
8614 14
8615 6011
8616 4217
8617 1649
8618 2510
8619 1262
8620 8020
8621 7957
8622 3594
8623 6239
8624 7148
8625 5999
8626 14
8627 3504
8628 6680
8629 2646
8630 3484
8631 8213
8632 2600
8633 859
8634 3198
8635 3826
8636 5627
8637 765
8638 1684
8639 1950
8640 3791
8641 5039
8642 6059
8643 8192
8644 2945
8645 2798
8646 104
8647 8584
8648 8014
8649 6325
8650 6241
8651 927
8652 739
8653 4871
8654 169
8655 5097
8656 6908
8657 4098
8658 6741
8659 2474
8660 4480
8661 4573
8662 1801
8663 894
8664 1096
8665 8091
8666 6134
8667 4335
8668 5834
8669 6965
8670 6844
8671 4896
8672 918
8673 5250
8674 6281
8675 868
8676 303
8677 1311
8678 1311
8679 2523
8680 7733
8681 3207
8682 3542
8683 6144
8684 6113
8685 2903
8686 6141
8687 7042
8688 4052
8689 549
8690 4513
8691 5271
8692 4685
8693 4345
8694 3540
8695 4285
8696 7713
8697 1696
8698 3621
8699 6260
8700 7475
8701 6582
8702 7884
8703 7093
8704 8068
8705 5808
8706 3009
8707 272
8708 156
8709 3778
8710 7711
8711 8285
8712 5886
8713 1274
8714 3994
8715 1836
8716 6020
8717 5688
8718 545
8719 8132
8720 4915
8721 5762
8722 7834
8723 4211
8724 7545
8725 1894
8726 7361
8727 7102
8728 5918
8729 4730
8730 3820
8731 1908
8732 6987
8733 5689
8734 7553
8735 3372
8736 1742
8737 7714
8738 5777
8739 3013
8740 4515
8741 4891
8742 640
8743 2343
8744 5700
8745 4344
8746 5745
8747 2205
8748 466
8749 6628
8750 4615
8751 5959
8752 2546
8753 3100
8754 1916
8755 3368
8756 7338
8757 5316
8758 749
8759 3937
8760 1240
8761 8630
8762 7852
8763 1658
8764 555
8765 3687
8766 3533
8767 7352
8768 4483
8769 622
8770 8204
8771 2024
8772 1564
8773 3652
8774 8683
8775 8473
8776 4709
8777 185
8778 4996
8779 4483
8780 6094
8781 6438
8782 8128
8783 1833
8784 1217
8785 3973
8786 2412
8787 2304
8788 4116
8789 2471
8790 82
8791 3138
8792 7280
8793 6626
8794 1968
8795 6595
8796 2132
8797 8500
8798 5913
8799 1525
8800 5822
8801 5525
8802 6593
8803 5870
8804 7138
8805 2368
8806 2960
8807 1810
8808 1076
8809 7229
8810 5368
8811 1829
8812 1579
8813 4370
8814 26
8815 338
8816 2744
8817 1590
8818 2453
8819 1242
8820 8790
8821 791
8822 5097
8823 902
8824 2476
8825 7499
8826 4674
8827 7932
8828 4516
8829 3667
8830 6916
8831 6248
8832 165
8833 2261
8834 7067
8835 4481
8836 4597
8837 2713
8838 4095
8839 4255
8840 6795
8841 3680
8842 5641
8843 5784
8844 1392
8845 8129
8846 2855
8847 7698
8848 5402
8849 8735
8850 1015
8851 4312
8852 7323
8853 169
8854 748
8855 7365
8856 6203
8857 7949
8858 4988
8859 5125
8860 8557
8861 3515
8862 7239
8863 1610
8864 4300
8865 4619
8866 4664
8867 8437
8868 7103
8869 4800
8870 8589
8871 1230
8872 8039
8873 3099
8874 4386
8875 5406
8876 1068
8877 6118
8878 5749
8879 2517
8880 6192
8881 3926
8882 3511
8883 6046
8884 2285
8885 3035
8886 2543
8887 5298
8888 5690
8889 7338
8890 1073
8891 4991
8892 5317
8893 5342
8894 1402
8895 6335
8896 5811
8897 2845
8898 8641
8899 3523
8900 5936
8901 5650
8902 4224
8903 6201
8904 186
8905 3406
8906 8119
8907 8602
8908 4802
8909 5823
8910 1542
8911 2466
8912 362
8913 2787
8914 4948
8915 1971
8916 5643
8917 982
8918 2689
8919 2920
8920 2911
8921 5677
8922 2411
8923 2531
8924 3453
8925 6896
8926 6578
8927 2327
8928 6194
8929 4604
8930 2116
8931 7335
8932 8788
8933 6950
8934 8426
8935 5194
8936 1723
8937 444
8938 1534
8939 8407
8940 3756
8941 99
8942 4067
8943 2430
8944 3926
8945 2395
8946 2424
8947 3405
8948 1554
8949 172
8950 2235
8951 3552
8952 1389
8953 2903
8954 4900
8955 2515
8956 8293
8957 3403
8958 4616
8959 5682
8960 7207
8961 6821
8962 4442
8963 6018
8964 3286
8965 5777
8966 5412
8967 2167
8968 6045
8969 3925
8970 2636
8971 7885
8972 6688
8973 5121
8974 5537
8975 4905
8976 7103
8977 8537
8978 560
8979 1743
8980 5401
8981 4515
8982 2932
8983 3010
8984 8190
8985 6199
8986 2159
8987 8419
8988 651
8989 1816
8990 4950
8991 4212
8992 8470
8993 3300
8994 4
8995 7031
8996 8924
8997 569
8998 4566
8999 5015
9000 7141
9001 375
9002 183
9003 5586
9004 2596
9005 7092
9006 5865
9007 8163
9008 6537
9009 6668
9010 7049
9011 3235
9012 4398
9013 4551
9014 3967
9015 2489
9016 3868
9017 7268
9018 7708
9019 6545
9020 6955
9021 2055
9022 2186
9023 6271
9024 1874
9025 5594
9026 5771
9027 1804
9028 829
9029 3545
9030 5889
9031 1005
9032 7467
9033 3722
9034 479
9035 3895
9036 8866
9037 8330
9038 159
9039 7779
9040 8689
9041 6821
9042 21
9043 2715
9044 8932
9045 8046
9046 3234
9047 751
9048 5548
9049 6198
9050 6455
9051 1395
9052 6776
9053 2066
9054 4276
9055 1517
9056 7660
9057 8575
9058 3129
9059 8154
9060 8016
9061 8864
9062 4744
9063 4758
9064 7505
9065 4229
9066 6036
9067 8366
9068 3237
9069 322
9070 8021
9071 1804
9072 3673
9073 4698
9074 2470
9075 1649
9076 719
9077 5953
9078 6075
9079 6228
9080 5383
9081 6518
9082 1391
9083 750
9084 254
9085 6172
9086 8063
9087 1410
9088 253
9089 7065
9090 5835
9091 4988
9092 6912
9093 7880
9094 5909
9095 2478
9096 1588
9097 8441
9098 1631
9099 8242
9100 8707
9101 3433
9102 1269
9103 1316
9104 314
9105 1113
9106 3326
9107 7654
9108 1373
9109 1511
9110 5850
9111 6240
9112 6791
9113 1274
9114 1411
9115 8373
9116 8207
9117 2131
9118 5696
9119 631
9120 1462
9121 6127
9122 7200
9123 3315
9124 1726
9125 8475
9126 6038
9127 8497
9128 7043
9129 2485
9130 5805
9131 3960
9132 3270
9133 6394
9134 7270
9135 189
9136 2881
9137 1405
9138 3570
9139 8786
9140 1354
9141 7194
9142 8618
9143 2214
9144 3314
9145 6484
9146 8214
9147 6071
9148 827
9149 4378
9150 1086
9151 1338
9152 2397
9153 1532
9154 4649
9155 4925
9156 2325
9157 6137
9158 1467
9159 8472
9160 7562
9161 3518
9162 628
9163 2411
9164 770
9165 933
9166 8246
9167 5288
9168 4367
9169 428
9170 4067
9171 4863
9172 5312
9173 6880
9174 2008
9175 965
9176 3734
9177 2417
9178 940
9179 3613
9180 6559
9181 6817
9182 6697
9183 6217
9184 7336
9185 2144
9186 3267
9187 7880
9188 4017
9189 5413
9190 7099
9191 7750
9192 6735
9193 829
9194 2654
9195 6670
9196 4728
9197 1007
9198 8902
9199 3636
9200 2981
9201 5805
9202 3193
9203 3294
9204 2412
9205 4721
9206 6781
9207 9131
9208 7449
9209 8319
9210 4284
9211 6937
9212 2914
9213 7932
9214 4512
9215 1540
9216 7043
9217 778
9218 6454
9219 4973
9220 3821
9221 6568
9222 9125
9223 1543
9224 2561
9225 2721
9226 7801
9227 8582
9228 4587
9229 402
9230 223
9231 3806
9232 8992
9233 3258
9234 4721
9235 6185
9236 4034
9237 2425
9238 7365
9239 2570
9240 4488
9241 8588
9242 8756
9243 283
9244 285
9245 4188
9246 4770
9247 1940
9248 6006
9249 978
9250 5912
9251 3925
9252 5750
9253 4207
9254 5676
9255 1261
9256 9252
9257 4391
9258 2655
9259 4027
9260 6127
9261 8236
9262 7663
9263 4027
9264 9127
9265 2656
9266 4226
9267 3941
9268 3945
9269 6933
9270 9249
9271 7496
9272 6599
9273 2017
9274 3783
9275 5784
9276 2076
9277 5494
9278 6816
9279 7845
9280 5272
9281 3072
9282 6128
9283 2425
9284 3632
9285 760
9286 3281
9287 3128
9288 6997
9289 3705
9290 7386
9291 8115
9292 6525
9293 3917
9294 1641
9295 1402
9296 8012
9297 4402
9298 1795
9299 4360
9300 1212
9301 3724
9302 2796
9303 2187
9304 4527
9305 8967
9306 2348
9307 6770
9308 1417
9309 7233
9310 2733
9311 4430
9312 1754
9313 914
9314 6319
9315 8705
9316 2401
9317 7599
9318 2047
9319 6766
9320 1548
9321 1940
9322 7270
9323 4940
9324 1637
9325 4591
9326 5055
9327 7935
9328 7456
9329 4414
9330 779
9331 402
9332 7891
9333 3519
9334 4765
9335 4760
9336 3168
9337 8531
9338 9293
9339 7742
9340 2503
9341 3692
9342 76
9343 3540
9344 6594
9345 6236
9346 7721
9347 8327
9348 5534
9349 4490
9350 5914
9351 5470
9352 4350
9353 8937
9354 6259
9355 4626
9356 435
9357 6267
9358 5818
9359 6837
9360 2954
9361 2947
9362 978
9363 1116
9364 5909
9365 2935
9366 8554
9367 966
9368 5007
9369 5147
9370 4782
9371 2611
9372 2421
9373 2090
9374 4462
9375 4434
9376 3542
9377 6695
9378 15
9379 3079
9380 1547
9381 2230
9382 8901
9383 3048
9384 2413
9385 2044
9386 1137
9387 2951
9388 6770
9389 7048
9390 6848
9391 8131
9392 6187
9393 6873
9394 8391
9395 8270
9396 5832
9397 1510
9398 9119
9399 2297
9400 3927
9401 326
9402 6272
9403 1024
9404 7723
9405 9000
9406 3027
9407 2353
9408 952
9409 408
9410 794
9411 2013
9412 6679
9413 4272
9414 1907
9415 436
9416 8022
9417 1476
9418 5134
9419 4601
9420 5822
9421 5326
9422 1468
9423 286
9424 3115
9425 3124
9426 8515
9427 1905
9428 1283
9429 7575
9430 5700
9431 1410
9432 6218
9433 7986
9434 7613
9435 5551
9436 7037
9437 4952
9438 7177
9439 4758
9440 7811
9441 2239
9442 2942
9443 7237
9444 5902
9445 7281
9446 3325
9447 7336
9448 2328
9449 3982
9450 3132
9451 3619
9452 2746
9453 6644
9454 7841
9455 8913
9456 3816
9457 6986
9458 8812
9459 6784
9460 1392
9461 2043
9462 7246
9463 9107
9464 9212
9465 1732
9466 5931
9467 3022
9468 5414
9469 7822
9470 3805
9471 4379
9472 3278
9473 7154
9474 8411
9475 4381
9476 8045
9477 1718
9478 7492
9479 249
9480 4311
9481 1853
9482 4287
9483 6102
9484 5506
9485 6136
9486 6783
9487 2682
9488 5327
9489 8109
9490 3330
9491 8656
9492 163
9493 7358
9494 3493
9495 8568
9496 4199
9497 7325
9498 5323
9499 4939
9500 1862
9501 3083
9502 1636
9503 5657
9504 5328
9505 6844
9506 5089
9507 7001
9508 3205
9509 295
9510 654
9511 5380
9512 5701
9513 5543
9514 867
9515 7389
9516 351
9517 3224
9518 711
9519 56
9520 9098
9521 167
9522 1998
9523 5602
9524 7437
9525 571
9526 350
9527 3105
9528 2226
9529 8590
9530 6342
9531 6510
9532 3326
9533 7711
9534 5354
9535 6746
9536 9314
9537 98
9538 8194
9539 5036
9540 2967
9541 1683
9542 8070
9543 2469
9544 7506
9545 5220
9546 2245
9547 9175
9548 9436
9549 8595
9550 6785
9551 2987
9552 5620
9553 4155
9554 9545
9555 2874
9556 2910
9557 5420
9558 567
9559 7290
9560 3269
9561 6825
9562 8400
9563 243
9564 1898
9565 1656
9566 1691
9567 7866
9568 255
9569 668
9570 1566
9571 2638
9572 7843
9573 7518
9574 2156
9575 8887
9576 2834
9577 2191
9578 3991
9579 7302
9580 1739
9581 8288
9582 8319
9583 3464
9584 7276
9585 476
9586 2456
9587 4536
9588 9038
9589 262
9590 743
9591 1038
9592 4100
9593 3957
9594 2068
9595 8035
9596 1496
9597 4299
9598 297
9599 6940
9600 7675
9601 8144
9602 2733
9603 942
9604 7780
9605 9206
9606 6109
9607 1814
9608 7033
9609 5407
9610 3332
9611 6226
9612 4485
9613 4371
9614 6115
9615 5337
9616 8448
9617 783
9618 2891
9619 5227
9620 8263
9621 5086
9622 6314
9623 4765
9624 4236
9625 5923
9626 4440
9627 4501
9628 7312
9629 4039
9630 1812
9631 1180
9632 2039
9633 990
9634 1596
9635 7494
9636 9039
9637 4461
9638 3003
9639 8586
9640 1050
9641 4550
9642 8172
9643 7474
9644 192
9645 5674
9646 9626
9647 909
9648 4142
9649 5608
9650 2510
9651 439
9652 8942
9653 3007
9654 6861
9655 2229
9656 1335
9657 3762
9658 1474
9659 4356
9660 8601
9661 3833
9662 6313
9663 47
9664 8272
9665 7958
9666 131
9667 7492
9668 1300
9669 3943
9670 2550
9671 6184
9672 9506
9673 5676
9674 2851
9675 4487
9676 1638
9677 9558
9678 5377
9679 3569
9680 9254
9681 2673
9682 8008
9683 8750
9684 7626
9685 1402
9686 7073
9687 6707
9688 7172
9689 1930
9690 5814
9691 1853
9692 3223
9693 1802
9694 7475
9695 7265
9696 2973
9697 6237
9698 3289
9699 1972
9700 4595
9701 8338
9702 8555
9703 6071
9704 1250
9705 3658
9706 7355
9707 8936
9708 86
9709 4013
9710 3256
9711 7528
9712 6071
9713 5179
9714 6627
9715 777
9716 3472
9717 5746
9718 4006
9719 2142
9720 672
9721 7256
9722 885
9723 8415
9724 7940
9725 9376
9726 2383
9727 8189
9728 9016
9729 8791
9730 9268
9731 6141
9732 420
9733 1193
9734 2490
9735 1787
9736 2887
9737 3007
9738 1657
9739 1115
9740 5265
9741 512
9742 2626
9743 828
9744 9206
9745 387
9746 3083
9747 2263
9748 5196
9749 7091
9750 3762
9751 1995
9752 8570
9753 1937
9754 111
9755 8833
9756 2885
9757 6896
9758 2148
9759 8284
9760 8625
9761 24
9762 6752
9763 3600
9764 1162
9765 333
9766 2138
9767 151
9768 3365
9769 6383
9770 9136
9771 8999
9772 1862
9773 7397
9774 5081
9775 7460
9776 4246
9777 921
9778 5343
9779 4567
9780 599
9781 2900
9782 40
9783 6340
9784 7582
9785 758
9786 5204
9787 7720
9788 2024
9789 1612
9790 565
9791 5952
9792 1848
9793 144
9794 3690
9795 6918
9796 309
9797 8589
9798 4812
9799 5118
9800 7355
9801 2934
9802 8457
9803 7267
9804 3586
9805 7757
9806 117
9807 3337
9808 4107
9809 4307
9810 5797
9811 8332
9812 5177
9813 778
9814 1537
9815 1248
9816 3116
9817 2401
9818 7516
9819 24
9820 7835
9821 4558
9822 6280
9823 8306
9824 3914
9825 8098
9826 1853
9827 3297
9828 8795
9829 4090
9830 9549
9831 2403
9832 2856
9833 3618
9834 2332
9835 393
9836 9077
9837 3712
9838 6270
9839 213
9840 7450
9841 2445
9842 6894
9843 4458
9844 7392
9845 5970
9846 7272
9847 750
9848 4774
9849 6697
9850 3776
9851 7712
9852 4825
9853 7142
9854 7421
9855 4774
9856 4731
9857 2486
9858 7991
9859 7492
9860 155
9861 6726
9862 9017
9863 3921
9864 7120
9865 1943
9866 9660
9867 2270
9868 4343
9869 6246
9870 1592
9871 5660
9872 2631
9873 8642
9874 8826
9875 4090
9876 3068
9877 2723
9878 1290
9879 6644
9880 5746
9881 2902
9882 9654
9883 4485
9884 4379
9885 1196
9886 4902
9887 8995
9888 9857
9889 8159
9890 6495
9891 2891
9892 7021
9893 3188
9894 8079
9895 546
9896 2480
9897 2629
9898 6502
9899 1524
9900 8241
9901 846
9902 1599
9903 2791
9904 1089
9905 9373
9906 8627
9907 5827
9908 8594
9909 4403
9910 2435
9911 3005
9912 7899
9913 5020
9914 5421
9915 3242
9916 1453
9917 9547
9918 2339
9919 9151
9920 4722
9921 8569
9922 7691
9923 1419
9924 8648
9925 1016
9926 3414
9927 6608
9928 1119
9929 658
9930 2303
9931 6402
9932 5312
9933 265
9934 9594
9935 8803
9936 2203
9937 8344
9938 2700
9939 6096
9940 8957
9941 8865
9942 602
9943 3987
9944 6536
9945 6805
9946 5464
9947 4834
9948 4014
9949 3234
9950 7800
9951 494
9952 7806
9953 8767
9954 992
9955 6763
9956 9719
9957 4075
9958 7865
9959 5652
9960 7114
9961 949
9962 1323
9963 3139
9964 6775
9965 8968
9966 5529
9967 8319
9968 3040
9969 9858
9970 1812
9971 2377
9972 2759
9973 8783
9974 6926
9975 1561
9976 6236
9977 5141
9978 4250
9979 819
9980 4462
9981 2766
9982 3583
9983 3710
9984 8287
9985 5062
9986 327
9987 2368
9988 5912
9989 4034
9990 7778
9991 743
9992 2120
9993 5856
9994 2858
9995 1579
9996 3648
9997 5334
9998 2242
9999 7231
10000 7031
0 0
