1000
1 274770610 429443622
3 49551854 239026757
1 726211832 504348630
1 431639208 686783260
3 90450467 182601450
3 706566210 765058471
1 484409945 834853406
3 281024228 166332497
3 343066696 256148427
1 165496476 526305103
3 348363156 318499598
1 983384111 246596858
1 309373678 525205570
1 663202859 750921459
3 794695032 464655360
3 705011833 452281827
1 558162033 14344164
1 957191659 309668337
3 554759286 723209264
1 523700688 194060854
3 119183059 250989144
1 164413731 260427225
3 529482030 98088282
3 923039097 276481884
3 883347855 654399122
1 396850066 807368978
3 391007832 994855514
1 722872672 708617446
3 429945817 933145618
3 333780865 376418379
3 946166716 664562700
1 884536785 780297539
3 982020917 122339432
3 716003953 558973766
3 314829297 619159952
1 309474933 890055202
3 447012031 53155103
3 657738125 837649432
1 344047106 18724930
3 880966862 79873615
3 868107806 851872839
1 612386083 91070074
1 245358392 647831190
3 418410698 732996127
1 876729078 404734809
1 184577717 156481471
1 115855655 861908696
3 202960876 785003958
3 337163059 471986900
3 311921305 521445999
3 158352615 637399573
3 375412454 550146085
3 890835028 382777670
3 275346652 743695433
1 766065146 964439304
1 336491461 504274637
1 465003797 431134955
1 573634523 515745872
3 379469857 489404158
1 203149422 711597599
1 853601553 91964085
3 903347238 400727161
3 758690719 469284877
3 378536115 977104333
1 26040553 900968554
1 781396015 620500107
1 72818866 482010063
1 881370805 74189957
3 639277180 306477560
3 787599036 252928577
3 59892534 344219717
1 907514948 823347288
3 424278578 137795288
3 225458755 506762634
3 171839489 472523865
3 490169409 868123095
3 249310573 447914168
1 784577797 908422937
3 929938556 947802966
1 106194207 371686717
1 992908855 20553741
1 692699176 809668820
3 149458805 294882172
3 851649149 261477730
3 125940627 529238324
3 223674043 20076390
1 695319252 416806521
1 439972883 802750776
1 63599687 60278416
3 331695704 854119577
1 857929296 35525872
3 385864401 727812420
3 681718910 281126279
1 359304822 387058460
3 492910763 457675231
3 786287053 33825187
1 48595462 730596594
3 478703389 778137508
1 608474536 231503822
3 26604602 798404899
1 688010840 134641617
1 458395413 695235698
3 765670556 771191565
1 718726559 36938396
1 570887555 745598048
3 420978667 191744873
1 790360415 45000255
1 590890606 247711217
3 653006110 695662344
3 648868956 970600896
3 451129694 449695199
3 29363155 503697633
3 18728366 129161735
1 373178287 516302580
1 954581621 136875315
1 658198253 247311298
3 705867999 349748575
1 648684215 849372126
1 589068909 593115772
3 92631119 603286103
3 118204871 448637900
1 155850315 74614638
1 490361131 299078198
1 666860551 362746285
3 432821215 674368752
1 635806418 621893446
3 811089335 436950555
3 381473874 498106899
1 667834804 261991182
1 108030450 24959668
1 640163578 970951324
3 709997470 161632771
3 147468096 984185280
3 630268239 842332006
3 324051809 759174421
3 796786029 390671642
3 321563003 45014412
3 583351161 936099965
3 60303744 78734201
1 27386209 198147788
1 306999898 615720417
3 130647135 461437708
1 209284222 955086543
3 719816770 982106265
3 875429343 390458529
1 960054730 797644648
3 365243003 749028273
3 412535986 842899209
1 676327336 963619205
3 458857398 213896915
3 281585455 908053111
3 64242971 480391807
1 295732588 602445588
3 166467358 365631954
1 53523856 578492111
3 106474933 288101781
1 650153440 108365482
1 127087388 67223390
1 376427609 56713232
3 266807542 644835145
3 289646868 224357821
1 446509786 869391805
1 828402708 10171451
1 4859808 473711595
1 330208323 178450689
1 179465755 433722084
3 204837775 221338732
1 94234854 734403577
1 88252304 312727782
3 343646840 932342600
3 563061175 78257181
1 721446510 166462395
3 35420476 731488460
1 126222211 276223862
3 801005993 815731605
1 88438219 823135254
3 216387796 236157680
3 301877774 214204969
3 299161181 371347825
3 308856974 184774653
1 415332820 1586927
3 896034598 908517112
3 793927558 357091520
1 978369797 671040030
3 226524915 305057279
3 81162250 896016986
1 605117449 396129030
1 912691574 229979628
1 204199150 524987261
3 534626852 333710823
1 942918542 450042564
3 641663820 818522472
3 785983914 883970359
3 389982377 888340820
1 48122946 674209741
1 883049488 841501357
1 800737885 532485683
1 979624481 503122265
1 124342448 248550546
3 337823676 478892534
3 700866451 86249722
1 147505012 597178044
3 140642764 883857462
3 130389231 107565557
1 963828859 204473025
3 408680509 17856847
1 832238375 434513851
1 890030590 124182568
3 239203242 800212469
1 680770883 688026755
3 646676508 458211571
1 576352545 628129089
3 709481928 24580011
1 301197781 109957769
3 502888988 277412275
1 907501516 245867029
1 398175432 50400785
1 953354786 861344457
3 979674106 105084222
3 837184589 813894047
3 399495739 752932723
1 295213734 833991815
1 9981208 638135551
1 754768844 192672713
3 520660849 803859581
3 245094600 963173253
3 318474736 865813201
3 432955271 271985492
3 686696378 457108228
1 391053721 382942415
3 366841981 827478763
3 186908020 697122752
1 885063431 373497914
1 786683570 649009875
3 759328048 291909445
3 100729458 416635116
1 796409953 433214034
3 191149382 534794443
1 482617652 730652471
1 764380439 178074201
1 38395610 919103472
3 49497960 702576852
1 58185471 476727905
3 971677066 745947698
3 369583434 410814908
1 964962307 938422859
1 387924528 157911170
1 833400047 765374953
1 267386303 232280316
3 772090610 455592986
1 83793673 779457783
3 847263906 803438001
1 965722904 612372849
1 55134710 118159075
1 845182591 9177158
3 93325953 158554113
1 230111321 758800876
3 250364337 514403567
3 646766085 864350996
1 624918222 759243724
1 526126506 239833188
1 374015989 48103338
3 461185620 640865790
3 933044036 45706050
1 725175470 362252905
3 44502700 936483664
1 213654316 1438762
3 912659428 814320485
3 351119433 277225032
3 492914218 10846343
3 284260050 16773213
1 43736046 522650656
3 646279537 706136051
3 217642138 125186102
1 758092770 56551385
3 250169234 561181399
3 959222805 9252479
3 474404475 995116742
3 866924170 937209619
3 866693180 567735595
3 573305293 329643371
3 771148736 407488174
1 782062575 428873553
3 377053817 186410544
3 153041999 73601581
3 508022264 396852794
1 93002804 823699676
1 375019561 267183628
3 87565015 628570548
1 737794147 381535694
1 785543933 609929733
1 638967167 843815648
3 302238218 679303346
3 865998609 637461701
3 629720000 197445423
3 198809959 792801958
1 467373074 37367451
3 262250341 132163972
3 655257585 162374180
1 375160803 423474977
1 105746257 991267962
3 129780483 845044770
1 244598927 860569448
3 591924527 790345490
3 648903983 974005155
3 139058291 218253234
3 969450888 304187434
1 612521101 625226479
3 985038253 948476862
3 821030869 794963980
1 4090273 626201579
3 210692184 183839425
3 792462586 689849717
3 244139667 909385541
1 545771152 722509954
3 875802623 182271240
1 819527273 608997021
1 84707938 141660846
1 282830581 698725623
3 995823111 516292217
3 304366414 461732116
3 477979793 391542938
3 866205939 871220905
3 681800881 58968039
1 181316156 142423912
3 905227325 215956197
3 657877621 974795682
3 51469749 880253475
1 571728187 938987364
3 693806867 343433846
3 778580416 526156521
1 231488397 85280196
1 795444565 103367901
1 487677623 246873647
3 668099031 712596925
1 87512796 215160482
1 802992596 983589409
3 759920184 287978502
3 667531614 812968746
3 233555799 17342426
1 87543126 890760534
1 771072026 297572598
1 472389201 201007508
1 740461633 980871785
1 56929997 409627833
1 169901220 340926643
1 176361783 290340432
1 477384455 775630094
3 532683646 35447801
1 199771128 283244121
1 148359164 906736102
3 226768334 443834030
1 263541830 520997591
3 394506332 246913065
1 947901912 813396610
3 572345814 612851519
1 783724328 630277307
1 882578565 75215947
1 754947362 380854329
3 930407405 841319148
1 69775007 822978803
1 191593340 254774464
1 885769642 548231972
3 591695695 107870696
1 996988808 866560743
1 719698312 807435756
1 45338841 795061454
1 675456708 249612144
3 399843488 703087467
3 169252911 435864338
3 841900136 605462138
3 167609494 983388057
1 727136506 173421116
1 391416162 242715599
3 242497382 602338897
3 711326950 323146718
1 623476080 80904192
1 93505224 125403241
1 25471916 446361813
1 909159389 258636942
1 240373062 871559741
1 38205047 109944233
3 143411194 515449755
3 113854929 785109235
3 988997259 85899086
1 683356832 742826384
1 239206814 812938364
1 542886316 271344466
1 141616507 900899764
1 857266821 50799970
3 962508024 660831252
1 908798129 724911511
3 83329529 288927120
1 294367559 79879986
1 573156105 921891395
1 454865417 283870507
3 546450911 853848810
3 568011430 311279943
3 96512102 303197021
1 169034274 177530377
3 170054215 759814633
3 414092531 117613401
1 623795967 319723193
3 209166334 455526389
3 96000654 680516202
3 532610789 631580516
1 499834259 470863738
3 961787092 667945797
1 683245211 624627755
1 720722363 113205384
3 985778881 204880827
1 664820612 791008793
3 28397581 962388586
1 443098867 490106288
1 227437027 153956583
1 708164862 240403765
1 653017435 468891952
3 960749201 446062344
1 186236325 827360112
3 591785939 120494459
1 862555986 703155064
1 676664202 324916648
1 447795837 306613268
1 652731605 70305326
3 393905939 910211323
3 553527153 79393076
1 943289995 933677996
1 936082062 343659875
3 385052147 729940347
3 878743036 841513824
1 280532390 243276543
1 934336065 258692598
1 847881565 135550534
1 749273324 867333169
1 303540226 517624426
3 33515711 547026921
1 154409017 269544705
1 817210413 174063929
1 276249906 820147168
1 810767842 835309652
3 140215576 113186647
1 418294989 376966801
3 752410591 887582987
3 828995255 599502651
3 121478707 50138413
3 358574753 451891123
1 776441182 937524042
1 240722028 640841779
1 438707738 648481691
3 318892041 262410279
1 637027122 842240742
3 218813338 760697606
1 443399200 597426604
1 380601564 190880080
1 150070756 42391134
1 340310117 121346791
1 378147552 635160798
3 898218270 192108149
3 949613649 172610913
1 634842248 372145296
3 534610789 39389758
3 103694212 202167839
3 175090349 323591226
3 524780921 858936717
1 664308890 423444939
3 193704520 720839560
1 569330 107072944
1 317653630 604830883
3 498257216 523466053
1 304716729 188848459
1 825707296 836075690
1 16761511 545029299
3 488401705 436569228
1 64131389 65939294
3 107843317 129161753
1 134938317 288529817
3 207389186 602532337
3 191343433 54263774
1 72718750 639546392
1 246764385 801007997
3 774826784 951932223
1 35194636 772904989
1 975035597 579572043
3 56207643 712803823
1 697374031 295175460
1 245996414 272890581
3 927229413 912454464
3 270411603 122305924
1 777778499 946569372
3 63929056 407162575
1 546643565 546464383
3 729083794 425777853
1 186382420 568753524
1 152600842 468725803
1 246368617 231650037
1 647326750 778853178
3 237739055 442297361
3 755386639 500574524
1 651068192 475821384
1 371916409 215924983
3 733998822 167222974
1 120023965 736197877
3 691438892 120259958
3 185290165 726338197
3 751321610 140214537
1 544883248 122546187
1 799163866 904021285
1 143588989 736067058
3 234925432 192241066
1 235668039 502408976
3 91915292 945061029
1 602774555 160513713
3 581117193 461245473
1 430786991 505845616
1 657434570 986687501
3 879379225 596360996
1 387962833 977425633
1 178021001 931598306
1 727077973 141141087
3 677569067 41865111
3 279699788 8446091
1 262351692 167099949
1 242753292 589340100
1 287621989 335035611
1 304701304 489976519
1 448305300 901442422
1 129698445 151755565
3 79382046 876827164
3 747182591 721874330
1 346311601 734193038
1 5497784 997834113
1 322816951 449696199
3 609821928 380263270
3 251444670 708182124
1 175379721 461562826
3 809385289 912434492
1 945136299 302359997
1 971084021 229175476
3 437627417 177082723
1 818217370 133588073
3 801221931 585268769
1 816298660 640812835
1 182928308 242295782
1 600618716 684433020
1 933544694 310598090
3 74644678 728055910
3 635421189 80812003
1 133636695 33069583
3 236527109 689639811
3 874844598 639625573
3 402080408 659532068
1 432526296 934156079
3 431893646 630316013
1 80244020 692108888
3 80521154 754244580
1 361425623 53184174
3 785308602 935574861
1 821968817 160253381
3 754401194 3652162
1 938689649 683025759
3 717964651 345241010
3 93538702 742683354
1 842289481 379638271
1 551102285 190147671
1 943112790 643705756
1 699465622 768938612
3 787942579 606565567
3 858133590 362826401
3 763591332 69249407
1 318203813 708486747
1 57525737 417664138
1 498966967 750985406
1 91041399 10949959
1 657275783 644967779
3 901308433 103127881
3 473045594 962937610
1 928728871 318897292
3 652574747 864446283
3 560943762 144941832
1 267838185 959204176
3 15123959 786588547
1 281197053 953081170
1 16790235 215821814
1 131306954 225564892
1 745905460 549492214
1 334460736 121793841
1 767613795 770426221
3 360059107 384570620
1 356196929 326261678
3 877104006 193077581
1 752520831 530605831
1 617464528 548636559
1 928094109 778106170
3 219481344 251054183
1 302663865 699864993
3 444106924 168077717
1 529134571 737986303
3 887730452 23948858
1 818195951 880602087
1 9603860 851138771
3 765258581 772919195
1 592581185 320682037
3 288564821 247817810
1 204761316 414219360
1 899002981 30935229
3 178538081 583932726
3 750581907 153248695
3 558449598 444266370
3 95222957 841004426
1 210088897 667502377
1 454828600 108448499
1 941861968 944532814
1 467951045 377644236
1 510925156 914160223
1 428082595 611585037
1 822884760 394676472
1 940846171 723611262
1 234868184 162565569
3 513031541 229004111
3 64945555 250207554
1 235586687 883942546
1 294612867 906657214
1 661873339 444836437
3 817152019 572130256
1 10828530 112693326
3 520784673 187793034
1 348611317 94004817
1 504924993 877880989
1 207720041 240596258
1 251535625 45853290
1 423753190 813414668
1 245054884 557992019
1 178878224 355427453
3 16451580 885589757
1 671843020 101504781
1 232517222 145825725
3 873345514 609435276
1 31410289 755069183
3 906001018 277246230
1 680419737 169061188
3 569978351 789598533
3 452753615 840733623
3 783160969 107208390
3 564292713 965542919
3 138736710 495180520
1 529180809 478723122
1 564559619 630719654
3 710251803 436050209
1 182484437 296414837
1 163207003 492055877
3 287841902 112758934
3 447421906 986104106
3 964694772 457634352
1 465182868 187597515
3 511957928 864830248
1 476014324 892486631
3 546349006 809184326
3 863418306 399990099
1 223467977 832938182
3 723961207 822840285
3 566230159 272159196
1 356685750 231872765
3 902184321 335327750
3 628796070 495268514
3 161346714 76034179
1 627273251 57455060
3 891845219 765528014
3 190282121 726670534
3 613693951 762151162
1 241685291 149125619
3 290905028 277523464
3 588933489 146010302
1 556719836 839621568
1 132419342 96224690
1 256331057 746394323
3 188470071 241255270
3 365434275 536049787
1 329229492 328589312
1 597316756 18622748
3 349150674 700690007
1 806000441 127956182
1 318364464 158052005
3 266466992 424318228
1 245973840 660160761
1 227596993 819932305
1 369273770 696409931
3 204506507 331385750
1 635313684 110340522
1 166311508 533201036
3 637697556 19367240
3 253944843 520993722
1 925986393 498830034
1 111839164 993883051
3 852852916 477152597
3 858757694 936360472
3 385764325 459329369
1 463534399 246427259
1 286042841 632896293
1 492243317 108274445
3 225741933 941488998
1 798355180 971790655
1 320218213 605434945
3 985089952 775363507
3 683313004 382867
3 699602160 927426796
1 854159260 913751304
1 572866950 745403168
1 493873038 884353236
1 376498554 910290726
1 519453466 702584786
1 879745584 597412572
1 955228597 650689311
1 229393099 75257194
1 663288755 771417565
3 107402030 675895277
1 772959283 41840413
1 59540203 250269526
1 82106279 562964990
3 860618054 892820817
3 924787967 84894111
1 417552016 951896307
3 844029857 224608571
3 155581331 320297795
1 922790731 17224
1 768860313 193922156
1 380071000 260412243
3 841785154 482729267
1 317759372 945712329
1 548088738 358755052
3 715602219 685238203
1 865484843 295021198
1 519888849 546484568
3 25151765 269427992
3 266030937 272085186
3 193578469 294546414
1 852924123 91868520
3 766729986 900247545
1 293669821 247802906
1 206532025 928403076
3 106244010 236926898
3 431282004 169317405
3 138723993 536230260
1 120234815 876926624
3 741047613 6962423
3 314685987 15972755
1 62843254 504922196
3 757350911 675999591
3 145045448 511638612
3 649685864 841750430
1 406947348 190689468
1 415252070 743078283
1 243692503 968416994
1 820151801 259313347
3 64794605 658446476
3 167800807 877931433
1 229713889 723394081
1 295108812 896621188
3 474214617 338037870
3 410792181 731587932
1 679088169 535865652
3 303013955 564872759
3 586140200 925740094
3 344492834 907571500
3 884203300 984944948
3 67354124 399788609
3 516074764 427324272
3 257346604 64390415
1 393370218 717133839
1 443429278 346635620
1 285245633 646836297
3 994227977 280858386
3 542060276 652082449
1 69313552 869501056
1 96887484 470776493
3 849047228 59006036
3 587645906 999775507
1 567337897 882693676
3 753291618 260085309
1 663013770 556554248
3 380325818 465360481
1 85913232 442527642
3 935572541 31334495
3 811430667 244728277
1 134652134 403220378
1 240986381 942829799
3 723824576 896502026
3 95228885 945927598
3 505897577 973951270
3 94803829 75056225
3 873176164 378297773
1 813889316 111420006
3 517820477 553394582
1 544428184 229483352
1 710902131 27158804
1 144135632 962752046
1 540451297 679549619
3 140797057 118987839
3 214940551 456446935
3 849739833 380743803
1 316199182 323914872
1 345812244 851958900
1 354969328 344171937
3 852748711 912394157
3 141818996 211997569
3 388175629 432860579
1 791046992 854764987
3 69144481 23004633
1 108217643 678672843
3 872983379 670795485
3 332392645 386578256
1 405181020 940562254
1 188796933 907598537
1 231245345 45184348
1 173177330 80887928
1 731020990 543122732
3 287348778 347238803
3 125420886 713096628
3 490256289 119605797
3 441684657 436063146
3 515181067 89008380
1 465165782 242969116
1 508129110 874663408
1 836734626 353827959
1 593544272 506085891
1 868253315 103672406
1 774765078 220335204
1 139668133 335119059
1 310428335 402235706
3 69639034 477802593
1 95311613 541729030
3 138472717 157855131
3 56138987 882996332
3 182801290 663370759
3 573752668 103344559
1 286416205 586551520
1 183262346 264673722
3 74665458 328650644
3 963938238 220422988
3 567631668 258176775
3 278330044 190447740
1 914910536 46267036
1 2563532 789247686
1 128690716 485149572
3 834602807 126835264
3 505663118 704938287
3 630565283 770607284
1 250069335 983244141
3 642041407 756822339
1 572420511 561521489
1 131607956 672109167
3 193210723 33502244
1 149854955 765478561
3 311852114 21933882
3 269102136 633404000
3 711162270 130022774
1 365348440 49200743
3 154428088 507537407
1 46722731 81033725
3 444954190 769061531
3 953188663 704119746
1 808910776 200748881
3 142972227 963958004
3 568555880 239348881
1 870494076 881717135
1 749494543 208893389
1 946015090 195512625
1 236714070 29925416
1 992050752 517250106
1 613944055 981697489
3 677888977 168029002
1 234949884 111997466
3 747708703 993247283
1 144965703 91292182
1 58328332 16768622
1 78616034 504004321
1 742429905 683817257
1 842381487 591803485
3 29585634 40520955
3 291128619 176994724
1 753983783 16479348
1 298848909 506944123
1 594930429 290005499
1 89422051 555656094
3 590895617 459141608
1 636579367 758260341
1 188309401 946966990
1 696032511 702150035
1 365689669 122672647
1 718047482 86365760
3 526304771 167381786
3 787995998 983012292
3 237939852 204004680
1 223006076 276153331
3 251758353 10991522
1 525426758 972183350
3 340723587 591146035
3 364394645 333933837
1 101610103 398178595
3 98869753 844846341
3 583729046 938574560
3 896711739 673230915
1 260861782 416107857
1 495986373 66531993
3 177443371 718802999
3 781382983 782404349
1 527864594 838735940
3 131342027 927987735
3 161821796 362214102
3 451964328 115875188
3 899497166 43580012
3 551701424 724714687
3 471981646 23508138
1 647183493 285839309
3 495171133 829084377
3 551172147 32788837
1 552538485 844052914
1 288707599 450889214
3 31486821 171462128
1 748754228 999942526
3 6318026 714761847
1 251806829 43343916
1 198701251 460778499
1 257531724 384533972
3 772238621 579409883
3 56935388 774718493
1 804594978 794644038
3 431921414 241338958
1 306880395 891344537
1 579588605 223985097
3 650795912 276176919
3 412491230 683102722
3 58242976 878696317
3 290982120 985997381
1 34902214 260821331
3 316721796 819625948
1 889291933 314401080
3 339470069 67786089
1 126259657 890315317
3 109024005 464210597
1 289394691 52142683
1 678974303 389505720
3 461185165 516721283
3 276767870 355353872
3 558912276 867854124
3 687996620 846766457
1 204005315 140085818
1 819654752 655857569
3 867584129 8652063
1 375039803 541019739
1 99743871 627987868
3 517960620 432093152
3 426814365 706674811
3 402396574 868061689
3 630842917 272501097
3 711819607 439283472
1 71215885 134534030
3 34252420 722271951
1 122601163 433837189
1 685491987 759961779
3 171980254 517949460
3 112725012 691201275
3 954226897 890575119
3 781850768 264294895
1 451811778 171601855
3 137941380 14109556
3 266077973 55915974
1 160633705 609096515
1 772367008 315392770
1 973130892 686125141
3 206434277 390040070
1 231489837 855622643
3 570708386 442465710
1 132661826 671796937
1 955756285 118151997
3 116177236 211299435
3 778994362 401170873
3 844533811 27816983
3 102522335 155043558
1 711959618 991055392
1 243922683 618951852
1 741260879 636473872
3 91232928 832567591
1 117750160 265465952
3 826967149 681802874
1 524890504 358412216
1 481742400 656640509
1 240637487 760849859
1 309306378 380735747
3 295925639 620244186
1 841839863 169383827
1 782793062 599439648
3 546982810 878725311
3 540423425 720184072
1 145357781 937136679
3 766558557 162696682
3 181953629 175926776
1 393507432 177525620
1 440038228 320290505
3 126702755 475800286
3 485252046 483907876
