400 400
8761227 490012
9674944 5651772
397725 4096109
6112621 9001875
5165220 8640178
7521178 1917608
7296976 4465567
5567042 476570
6489399 657206
5905069 7454430
8634088 3912057
5476931 6074978
15472 2137369
4783217 3782995
9907836 9228677
9261146 4252468
5240152 6955353
3948700 346929
179875 9062616
7015481 2489056
9962544 8611822
3355250 1183746
2447107 5497267
486694 1582893
2275913 5642253
4922394 3252367
4177851 6577652
1058949 9080102
6185099 3198403
1695177 9507623
5339993 359484
4476481 188842
8816740 331669
9705326 6804766
5581962 1447985
2899157 3653293
1962298 6863309
8374696 5792898
4444861 6275615
3289285 6137583
3412955 8872236
5228398 2876308
7752148 937397
5443850 289549
4944625 3226331
9114649 8615403
6464685 3211637
5893578 9047032
8363544 5954507
3326423 1242215
38603 1724750
9014003 1405178
4701038 1251945
1417093 1888184
5369960 1006755
7995239 3576629
7826230 7876338
7142437 8280784
9302805 8530384
6704556 5009324
8970556 4833583
2926934 1890029
8807535 3638645
7913750 7395535
5342899 8121433
6987187 5409264
5053272 4395886
4639346 9020715
8371280 8030910
4325803 9662998
942101 7599104
4193579 8216873
1532264 3807858
57198 5361839
327667 2698343
1546258 6691161
9799862 4135739
738236 6473561
9991360 3637845
1373872 3471732
223411 859307
8952243 3894011
6570509 1727380
7375911 6318655
4714447 6993120
9777606 1208197
6949547 3539961
1658650 6299070
3645465 9284188
8835881 8421454
4963772 9610345
3430710 6287043
7099034 9599875
1277296 4477503
7116470 139837
2006094 8534378
8192790 222830
963136 1525416
6781233 3395075
1728019 5907757
1569310 7302092
5724847 7213824
9687843 3992558
544717 9530581
3881851 8219411
6420507 1800447
2099748 2903420
4471826 1909754
268396 9828796
3921898 2166741
3914242 6390625
8989709 6034748
4213806 981968
6411203 6733561
8196039 6516649
4103082 6865431
2822298 4181360
2182711 4468720
9142115 8048963
5007843 9685496
8778535 7626555
6081778 3762208
934242 8347572
5068561 258591
1275485 4283841
3485313 8574976
3220249 4409305
5102469 2051443
4859977 8329701
9913719 3150711
2787533 6576419
6648964 9227477
5210416 9525169
763435 8346898
7433788 2009297
3657720 4139269
5571760 6363686
8938638 1849652
4159612 1091481
4526247 8563989
8064084 2400041
9776518 1313614
6848582 4193975
5122364 8590642
4593860 8025367
6660137 6130132
1049858 5407528
3136082 3948797
2524971 9991391
3318603 9159294
9430166 5522520
311740 9721392
1255974 9476193
6608883 2744682
3194018 6392768
518440 9892049
5290302 2700438
8953409 2411571
7065266 5917827
8691657 3669831
8698108 6457003
6845386 5192110
716999 485129
4725135 7055264
6461093 1225518
8525306 8460711
1345978 2343638
60240 5400250
548133 9782957
2632648 6644762
2314050 6949465
2766581 6203958
4979076 5369268
7029039 2773037
7172659 2805512
605038 7152565
2624853 3134396
4847820 1595985
7141396 2353527
1952189 6271897
6335790 4891472
9404903 4213761
5047896 8716071
6096920 2179220
5665703 3160706
5515861 8145896
7289536 54085
1669255 2651203
755313 2723336
1504200 2582112
588607 9958847
3640852 5129546
9704818 6755158
5236397 1437881
4968718 4247309
2844036 5030601
1248789 1823534
1163268 7846979
472186 6069742
1904245 5580478
9150082 3189344
1841788 9476396
9178620 3703421
345262 8612563
897895 5534508
5138886 7822596
9049529 3829940
8651615 9027639
4563476 5360051
5804369 8979119
1215035 958466
442698 1513337
6272949 6053196
1225356 2256666
7551310 870911
9650251 9438738
6470921 816448
5697281 1558813
522174 1598857
5859659 1725866
6523508 5812198
8999454 5271553
1787068 6722646
8286665 5223921
3833982 1387927
9799587 88394
4526792 428900
9738733 4421539
3991312 8327433
7606269 7543298
1585982 5848449
4340582 9528816
155280 9324370
2907406 217559
8784798 7287304
4238758 2216111
1681188 5547078
9908535 7413024
5338890 2491721
9847752 1160050
2345034 5425272
6042137 8832804
9468242 35814
6742443 5770816
9904619 6531142
6231398 6662001
5187183 3981226
144552 5960969
4572642 5923786
822007 2821551
723256 9205126
732581 3025330
9088250 4657870
3006809 1161043
606532 4012680
3899858 9296601
2887588 5805004
1856604 9987569
7398955 3797989
5545296 2431865
5074683 6393006
9846664 2693198
9863663 105032
8418754 9711594
2128755 7636737
5179191 9002520
3386097 6240445
2819009 7793427
1499737 8824614
7550509 237999
1310796 5871175
4189631 2879162
861390 9730411
8939234 7615503
8807731 3579314
3446142 9428298
6117477 8993459
5513324 1961510
223727 7950237
1611743 6948603
7462886 4916278
2459238 9243032
9144287 924955
3850704 1047524
453001 983901
1314050 2553818
3583211 1741033
5169473 8800044
4175582 9193760
6391828 5589475
1535439 1645350
7871701 694429
5560871 7774959
6765051 2894397
378989 1557821
9646409 318897
7894071 6074657
7645235 7841155
1889593 8676382
4385301 5787711
9144077 5446444
8963178 4891694
3649991 4253513
2116909 350151
1589789 8303088
9114386 4971603
1251092 8044811
7253677 9985889
6968925 4114752
3300289 8699987
791502 8119281
2439050 6449470
8201836 252196
5678413 7948583
7968123 7040613
8501672 4760987
685747 8826677
7746752 3859525
8125930 6578261
5434368 5008313
5187414 5508904
8259134 8198200
3245189 5820389
2099381 180599
132243 5278153
9483145 840934
8704960 554851
7150763 4507571
1114770 7664467
3417703 2957329
6766186 7277562
2605144 995527
6993520 3187017
4507346 5309769
4446823 8448265
4588527 3211531
4963380 927807
2134273 5145695
617133 2116383
8653561 8360874
9303294 3517738
2685530 3628790
4475895 3388304
7877294 8983662
8960925 9283087
693515 3727171
6440855 2099351
9440911 6457235
3027289 41852
2050142 5836621
756538 4114968
5663401 896210
1954894 9457468
4859141 6502963
9468828 1914070
8042331 1227728
861565 1262636
7295567 5239265
9996937 181340
2128947 2977789
2378608 9047368
9229706 4051675
5868222 3495467
754900 8746245
8655741 2431223
9966077 5189903
4993027 9550853
1959116 2773258
6041077 6969465
2893276 6213846
8959719 5865095
2998734 267731
9394384 8875087
6568488 2811864
3036579 5239345
5628036 2196016
3095046 4556589
4863135 6660372
8738748 4314581
2257320 9410497
9454748 5688506
1082616 938411
9601469 194620
3590121 5324906
6586777 4091356
8172329 1634452
4373066 4268276
8793763 3301442
6078181 9297720
7149741 1078589
4077483 2553097
330621 6490324
9345437 6483475
7360380 1713341
9630177 9284440
6687662 5987500
8900478 2194471
9271416 6790142
1611548 5494185
7817297 1382153
6562850 5113674
9507033 5386146
462321 5244677
7464050 3776487
9569505 7526671
4136961 9937604
578618 4402150
1008393 5167111
9259957 9015037
2130699 2166998
1385855 2529216
8199116 3715130
8193788 8731950
8383759 6036461
7470330 5453552
4839078 1823125
2595593 1062419
2328077 7662617
1098054 8081010
5365351 8355356
3955816 7038828
3807816 3368253
5401427 9813791
3683071 9825760
5906324 9748952
4268368 9003780
3676467 6140314
2326305 2155628
9197873 159864
4275851 696283
8883572 5662849
5484560 6648031
8839230 8580607
1249293 7326944
8226485 4741333
7340974 2723517
1258820 7785277
4116326 4496944
7348296 4057119
6769685 9313296
2929708 1359837
5254193 5352743
391613 8723844
4703255 2674520
5376098 5766730
3050190 5905089
9629138 4711657
2295134 5192705
4899514 7430524
360297 3372145
4735063 6215926
9043874 1262484
3170871 6991450
4338218 4404785
6390488 9235457
4463041 3553366
6151665 6259249
1543010 4147604
412891 1067178
4190369 7912117
5375723 4145747
8082352 9691801
1951180 9400105
1185007 6908566
7026931 7652846
5940162 7483360
8177278 8499032
3809567 4952589
4471022 6376371
8781612 322805
4863163 9919345
1444579 6662751
8226883 3492663
5570034 9613933
7578434 3347907
6908077 2380014
2745272 9865685
2289489 6720113
4601930 1517446
62109 9127120
3518717 2437330
8350017 4678621
3926282 4951485
4298104 5710275
3621802 1571436
2302672 869020
291396 3191783
1370361 502655
2502407 3866215
8190948 728121
8789653 4494167
7010128 3763882
5353569 2538419
1009804 5611746
3501376 7987641
1259804 2629458
6472910 7943268
9733233 3763205
3560658 8662736
5173170 2226410
8069427 2171128
6068896 3919214
306795 2886733
461169 7417293
1793762 6630537
9818748 5437414
6677029 1989442
4167795 5961264
5500279 5809011
9107893 3209403
1222851 1480562
7122877 8516685
3132587 8171125
8958748 4733049
2035726 4529396
151329 5185073
2737185 3716184
5033168 8590746
699963 9983355
4859652 939939
1180714 8464900
4218124 9623468
2260951 3558748
2840413 3635182
1297144 9940424
78770 4377800
3528018 1530832
5198800 2252544
8821682 4351307
294034 9022607
5923900 7211407
3663008 1800826
7935077 8141773
1250694 843874
225310 9514378
7718133 5107606
7971430 5251848
5624587 9392044
1818788 2161067
5409524 5310239
9615640 3583543
3699134 9850115
6556956 4331129
7109072 8969046
4133099 6828327
1879982 5929657
7524629 1786104
6403575 4256283
5336453 4302864
85000 7492292
4560411 8872755
871808 3177677
1408246 823096
45339 716892
4032245 952022
3794877 2215990
5037549 7251920
670495 8771342
6411584 7390203
5781883 2552820
1309105 6528859
9760604 8047647
6611269 3564070
4986858 524757
6086973 8548636
36891 1722514
3866409 6734051
2029849 7395231
3609772 9223865
184901 8804174
7695836 8625488
1092799 4579224
1058414 385844
3839445 5063598
6689248 2014857
3364492 8349660
4356269 949787
2954519 5161073
4491303 9217060
7555179 3673745
5238334 5011112
735160 8588025
3782012 7082650
3222435 5795120
6168264 3796403
2646365 1870967
4070084 2098323
4877126 9926462
841921 314238
118784 7672916
119334 1248752
2141296 2389252
8032751 7661845
938932 1723338
9636903 5501772
4373765 970460
6154103 9972626
3100446 4251315
2453478 4628058
9653001 7934198
2308641 6102820
5160540 5992473
2960602 6560516
2957487 4315038
6148647 578775
6757543 4158295
7755336 8606457
8056024 7734775
4515125 9723520
7049795 2998161
6010894 1355094
9147524 2106806
8310085 6751028
6412906 168995
6964013 748094
2930407 3507339
1917677 8570355
4114333 3996074
8122767 3570747
9188515 4727248
8232531 2771886
8574277 9432828
3828275 7120486
6204561 486218
8592070 1899087
1457046 2278404
3933108 3466348
4441048 6815836
2330017 8758521
7435641 3627527
9417243 1280862
8749781 5323528
7610551 8233309
9913728 2567680
7993763 6260254
1740774 1841292
4189093 2028612
5384673 2849803
3262627 6924981
5945175 4752853
53479 9280648
2173032 8053604
5798178 7447168
9639263 1664993
3693107 4945515
4380362 7387200
6162991 4185038
4918679 3711657
404826 7706464
3891445 6033004
5303923 5307773
281060 5126184
5772228 6096729
4985395 2293284
1017570 3946493
7089894 7500529
1761848 8576829
2492309 9436490
6441450 4270890
160033 4051275
7653782 6666161
6295618 1687596
3501725 6473735
8318428 2410173
2124394 3026746
9386033 3227715
660918 9569214
4334603 9410419
1543559 4373085
7946320 9616954
5090990 3142092
9202967 3383838
3457271 5400816
9689390 3753911
680385 4278453
9837376 2315440
9002546 3690581
7774579 8111294
6104227 63024
4630734 6956488
6719031 4926801
3342967 573166
6591287 8389244
3132799 7996629
4894554 8211642
799411 1776053
5081291 5656898
8012842 6520573
2167621 6428308
8316488 3067886
7158507 4083429
3106671 82042
4239510 5747558
7123920 5412643
6851529 2935905
5666526 3323724
8439878 7075290
1794363 3212366
5506462 1062399
3563964 8776696
2180738 3105406
4833989 7311841
8257286 2289253
5817259 9110953
1129245 8840626
5303343 3826572
6178576 1278762
5462983 832116
6816533 9693015
4875045 8132407
3735183 2084267
1328508 1530063
8804518 9445948
1245080 4633891
7773470 4944406
9374588 6685169
3199476 7724528
5581926 1770315
8847563 2822832
7052656 8764196
1299618 3156038
1703197 3717461
712295 9541675
7441849 5353413
2878686 8252727
7612336 709677
721958 1007951
6360983 3220397
1292026 2386872
3397561 8000054
5422927 142020
3416408 5253470
1479821 3076111
8279888 6003532
7056621 8581615
1890346 2223137
6206196 427381
7193348 9691175
4155870 6563597
1552301 2738666
7915298 4964909
8192929 6646567
3637538 2414163
4136790 4329556
505911 5624591
3691460 502079
1186428 2572964
5375972 1327232
4731450 8804765
2992019 6483729
3175030 6785167
5961475 9391676
4658917 4732412
1348012 5683736
1918179 4875841
5151678 6025045
2799325 6742922
9180248 4536177
6294866 4386255
8011020 7969711
8069366 28431
2280841 4184972
3682923 8009390
4110364 2186320
1762417 9769853
5749077 2312809
4543496 1142522
2179654 1223552
458372 7893170
427082 9570434
2324450 1055024
5940130 7981152
8337249 2153235
6538857 7686908
1200656 905598
7851882 7099976
7633285 6905094
4545773 5459764
2672667 3587744
3074585 7062568
5125503 6214315
6190430 9344229
1019062 821830
2099284 2766457
9069828 5758872
4484632 9016115
4453597 1152964
6206419 6741677
2792382 3295838
5919235 3574557
1410170 3802300
76232 179515
6388694 9116718
4165756 6397065
1839333 7369752
113704 4436512
4015619 1510215
7647362 4570481
3634233 8206344
5499315 3892218
