5000 500 0
1 125 544145443 86 138
1 351 258129854 78 215
2 404 474
1 499 951958913 70 120
1 258 745085253 221 363
2 59 159
2 356 437
2 93 466
1 33 902972375 206 267
1 324 383697985 14 233
1 300 213970214 10 216
2 22 280
1 171 783528677 321 360
2 36 313
2 29 302
1 105 638883345 79 341
2 18 117
2 86 347
1 101 21526728 302 360
1 6 891383310 243 408
2 179 489
1 480 673909292 48 154
2 239 249
1 444 365159307 59 128
2 27 407
2 343 483
1 342 925142375 164 184
1 269 939481798 16 402
2 352 494
1 20 499706646 246 271
1 130 925825903 307 493
1 117 562157660 175 284
1 194 692687282 436 481
1 476 971996905 331 440
1 422 161611706 179 283
1 325 894752740 44 95
2 9 170
2 16 44
2 217 267
2 137 182
2 252 370
2 387 475
1 359 367433903 126 282
1 468 717031178 162 254
2 41 185
2 29 189
2 29 425
2 37 229
2 77 163
2 309 492
2 302 465
2 166 296
1 137 308991206 66 398
1 401 353334901 140 364
1 230 381887167 393 481
2 42 101
1 119 968513608 50 408
2 264 319
2 413 490
2 46 342
2 148 225
2 386 482
1 369 505039967 82 319
2 130 419
1 254 98016147 174 450
1 339 608886744 127 360
2 60 92
2 169 209
2 112 308
2 1 467
2 151 458
2 86 460
2 297 322
2 356 467
1 267 244844661 4 125
2 48 291
1 31 467977600 55 290
2 54 358
1 170 784483116 115 166
1 7 85346021 36 324
2 32 174
2 0 146
1 246 931584843 177 245
2 249 409
2 260 314
1 395 928235653 19 67
1 182 570134727 48 297
2 77 484
2 65 115
1 157 305863610 61 468
2 101 358
1 486 21254792 231 443
2 339 348
2 28 44
1 294 555636593 34 407
2 46 331
1 451 74207451 232 485
1 72 282599854 227 378
2 341 429
2 38 483
2 8 371
2 103 320
1 131 962759406 92 254
1 178 641079437 230 468
1 415 295654814 255 498
1 371 363452701 159 384
1 404 286364264 358 430
1 236 854052914 108 366
1 144 292310430 295 489
1 270 396752920 190 292
1 321 175773509 122 465
2 81 93
2 121 434
1 52 150704441 217 488
2 70 343
2 228 244
1 487 263406690 21 392
2 315 470
1 223 605007568 191 488
1 399 103620126 33 144
2 322 434
1 166 829711903 145 246
1 212 834776182 235 281
2 158 258
2 70 321
2 54 125
1 13 379782692 233 401
2 91 165
2 369 386
1 194 446225903 223 303
2 272 477
1 267 173701365 59 312
1 468 462607977 3 40
2 169 177
1 256 354299874 334 372
2 261 269
2 161 261
2 72 494
2 189 432
2 79 118
1 150 789851817 179 289
2 289 363
2 153 167
1 127 429531175 35 118
2 303 407
1 23 156289317 67 295
2 21 24
2 302 457
1 92 474072584 129 285
1 483 902458255 105 171
2 93 414
2 155 234
1 341 207356874 52 313
2 266 399
2 36 203
1 128 364438955 29 378
1 81 547631370 279 440
1 116 968311386 303 358
1 175 870212187 183 396
1 224 709434287 262 414
2 115 293
1 403 977646372 64 384
1 484 707866866 19 416
1 379 874919061 139 482
1 204 618864978 449 496
2 263 381
2 103 219
1 420 162149630 1 66
2 363 410
2 52 205
2 69 179
2 25 432
2 148 442
2 289 480
2 331 364
1 224 761621861 444 456
1 263 49240212 146 155
1 344 778797325 463 490
2 229 475
1 94 435098043 385 411
1 291 948750190 204 334
2 25 68
2 217 367
2 76 82
2 212 487
2 28 163
2 279 318
2 105 428
2 297 420
1 288 643564228 248 271
2 214 243
2 120 466
1 284 322552125 249 277
2 236 342
1 212 862662761 294 443
1 228 424059406 383 411
2 159 342
1 113 274217382 75 461
2 196 317
1 396 168201757 325 402
1 102 244559398 150 218
1 267 465603764 148 161
1 295 483499094 275 310
2 246 425
1 323 288856872 325 363
1 81 692507004 169 219
1 383 313023011 100 265
1 178 234961031 51 142
2 199 454
2 239 265
2 34 454
2 41 499
2 290 431
1 379 536997687 254 329
1 231 118946547 79 139
2 184 276
2 130 166
1 428 635468850 315 415
2 415 437
2 17 274
2 223 323
2 149 414
2 37 120
2 59 436
1 492 43393622 226 325
2 312 496
2 48 106
2 164 240
1 101 258035266 301 314
1 190 250164344 76 410
2 186 498
1 16 134543222 229 432
2 0 455
1 154 980261182 15 491
2 277 336
2 278 460
2 160 435
1 424 876832684 349 421
1 145 283274713 276 460
1 64 290110981 269 367
1 67 200892063 37 43
1 203 197306234 100 302
1 286 361112054 316 338
2 80 402
2 235 246
2 264 278
2 258 356
1 401 323631822 5 179
2 248 275
2 65 311
1 70 467552721 0 227
1 448 495636754 131 195
1 402 157034900 209 344
2 162 465
1 169 214750817 311 318
1 148 182901073 178 222
2 209 247
1 374 413176555 238 360
1 48 973585130 217 230
1 141 657477882 179 232
2 82 399
2 398 437
2 326 351
2 8 434
1 222 491755551 7 442
2 16 420
2 66 197
1 277 600741165 83 362
1 44 559815632 54 360
2 85 182
2 442 485
1 240 993915579 88 236
2 419 496
1 197 97673939 160 475
1 367 161313991 132 444
1 415 102389840 299 488
2 32 246
2 12 419
1 423 352787538 10 166
1 127 472582774 166 410
2 74 273
1 163 352298773 57 284
1 211 219884385 378 451
1 396 124111577 69 130
1 433 505413982 272 307
2 207 429
2 85 454
2 73 223
2 203 267
1 437 443815612 103 114
2 63 373
1 273 333365686 274 443
2 21 425
1 365 60281826 230 486
2 74 80
2 113 425
2 11 24
1 12 265403706 249 475
1 134 46845496 202 474
1 480 54997127 266 272
2 343 395
1 463 736156351 177 202
1 261 620717752 92 366
2 337 410
2 256 494
2 136 420
2 185 302
2 275 425
1 262 418573661 172 224
1 450 984627566 112 180
1 18 503297354 53 70
1 106 554803384 217 399
2 31 463
2 72 462
1 196 703707786 166 234
2 173 204
1 348 46572013 36 341
2 153 239
2 181 449
2 285 409
1 446 994461166 242 480
1 192 265990052 405 463
1 459 195270305 269 402
2 6 291
1 405 409269386 106 381
2 272 473
2 182 390
2 301 402
2 79 301
2 129 445
2 75 85
1 97 464609209 279 331
1 109 913914258 179 383
1 96 783067175 181 308
2 155 382
1 493 663373456 249 439
2 76 342
1 206 297322023 145 367
1 25 100912589 135 415
2 195 229
2 205 373
1 155 151483869 448 482
1 289 878205933 246 306
2 55 155
1 47 848708935 138 224
1 235 46288147 433 449
1 386 967505669 297 475
1 150 226973544 20 97
2 62 63
2 123 452
1 89 841804914 252 498
2 39 273
2 207 237
2 143 187
1 253 527863667 48 112
2 270 479
1 209 82845230 108 201
2 167 327
1 418 308062818 155 466
2 156 323
1 353 742406233 340 451
1 154 85534310 151 334
1 220 544886706 261 487
2 169 272
1 228 732599966 205 366
2 3 396
1 101 364744958 28 470
2 323 480
1 148 388141648 391 444
2 26 41
2 1 53
2 107 211
2 220 467
2 39 357
1 397 488996411 178 308
1 267 741482727 328 416
1 166 809819595 196 320
2 262 419
1 261 572569035 361 468
1 244 131281155 284 458
2 106 138
2 265 346
2 125 381
1 398 624759618 351 498
2 19 177
2 85 186
2 148 177
1 8 288017378 254 401
2 19 61
2 9 298
1 334 850923821 153 420
1 135 18838952 191 281
1 172 294993378 179 262
2 225 432
2 192 302
2 263 276
1 378 673274784 305 386
2 32 225
2 14 206
2 120 226
2 122 340
2 118 390
2 16 491
1 429 514601129 59 302
2 13 156
2 130 490
2 136 364
1 146 239497748 29 434
2 16 309
2 346 436
1 499 173460487 372 421
1 317 772706166 318 417
2 18 400
2 87 492
2 71 335
2 313 360
2 48 131
2 26 90
1 337 283935882 139 417
1 486 637221000 170 365
2 281 344
2 22 412
2 45 191
2 4 487
2 143 197
1 266 602012887 1 131
2 45 330
1 380 817401591 46 143
1 151 747681438 99 256
2 65 85
2 37 445
2 173 177
2 38 475
1 188 372608189 208 325
2 146 455
2 135 225
2 366 374
2 21 29
2 158 208
1 476 193856194 118 171
2 101 201
2 140 378
1 463 439290573 212 309
2 417 444
2 261 452
2 14 155
2 400 495
2 188 466
1 41 708583003 124 394
2 153 281
1 326 844148570 80 212
1 17 880042773 267 478
1 61 362759373 95 239
1 412 132811256 136 406
1 175 473994618 127 371
2 219 438
2 265 321
2 216 333
2 30 219
1 403 887145755 156 378
1 122 665823304 190 379
1 406 320426565 379 380
1 226 132577090 24 406
1 187 207741179 284 381
2 145 253
1 142 272066908 257 433
1 371 792221146 55 421
2 9 388
1 330 769681014 32 136
1 272 525046776 131 398
2 102 334
2 219 477
1 198 142080633 87 158
2 40 210
2 191 355
1 183 528151970 182 215
1 244 665968475 252 261
1 155 820654721 80 487
1 270 3771427 2 83
1 287 157816384 173 219
2 400 429
1 1 811295523 248 485
1 24 883338682 28 78
1 444 243463710 452 463
1 374 538495797 434 434
2 86 225
2 59 200
1 37 444906765 92 305
2 15 41
2 405 472
1 87 674337400 26 413
1 32 587865118 13 125
1 358 944699476 224 477
2 22 495
1 146 176673582 167 457
2 22 96
1 55 153982723 256 498
1 477 853833577 176 366
2 114 418
2 96 260
2 95 354
1 241 471091662 245 270
1 427 745304874 273 452
2 139 431
2 84 324
2 248 472
2 236 372
1 432 65790481 311 343
2 223 337
2 114 378
1 60 163849564 234 330
1 451 929725734 108 245
2 64 125
2 94 348
1 155 107319677 39 301
2 84 247
1 111 772604926 151 358
1 130 309333492 211 397
1 153 120436716 270 464
2 343 473
1 29 605309286 73 414
1 325 552992377 161 258
1 172 967849893 166 457
1 70 85823143 123 203
2 135 282
1 390 155982310 139 385
2 227 241
1 127 517530586 137 455
2 43 71
2 114 468
1 354 299822934 35 299
2 109 400
1 252 906932701 9 146
2 125 454
2 299 417
2 253 338
1 12 347654544 74 298
2 241 356
1 426 100710627 90 372
2 242 342
2 53 190
2 184 303
1 407 929140786 57 153
2 98 414
2 8 159
2 177 340
1 2 111180735 287 356
1 480 379959644 13 352
1 176 340651762 66 466
2 309 427
1 113 175181644 90 457
1 52 884677679 179 295
1 379 655036535 173 311
1 246 500758894 62 281
1 349 744356183 256 402
1 405 703154842 224 413
1 92 574194957 83 325
1 230 991077309 48 76
1 432 478226500 167 333
2 78 204
1 83 742702799 174 224
1 214 269899866 250 375
2 96 130
2 25 494
2 276 357
2 50 379
1 358 270354990 437 495
1 140 700148089 273 309
2 190 361
1 183 595216195 339 492
1 30 956138987 310 404
1 34 138032660 182 371
2 351 399
1 208 74007545 18 327
2 68 289
1 432 627631272 79 168
2 201 290
2 285 310
1 320 577832601 8 491
1 365 767040218 259 440
2 101 316
2 365 386
1 363 715079586 183 289
2 143 310
2 251 309
1 227 175398052 13 181
1 448 729463737 259 287
2 59 66
1 249 213355468 42 457
2 250 342
2 158 256
2 339 417
1 381 350198520 77 307
2 308 361
2 388 410
1 350 254862535 194 476
2 69 331
1 485 721792425 242 318
2 142 381
2 160 348
2 236 384
1 69 859811812 119 249
2 6 34
2 255 291
1 241 914691501 256 339
2 43 174
1 366 436445977 24 129
2 49 216
1 422 366858797 75 449
2 50 421
2 391 416
2 42 446
2 341 372
2 100 463
1 77 58960979 225 272
1 283 55708678 104 298
2 404 422
1 344 639898790 113 292
1 117 930291166 233 345
1 337 422635445 149 198
1 57 569354038 108 170
2 142 174
2 248 429
2 127 226
2 271 350
1 148 710028878 346 459
1 1 406417169 117 451
1 299 953798865 104 192
2 19 401
1 27 380100112 58 360
2 26 65
2 107 116
2 8 250
1 71 741463110 181 188
2 158 188
2 77 191
1 130 888795214 234 273
1 291 395001749 102 392
1 101 383669481 429 440
1 308 531628362 15 158
2 161 211
1 432 862822573 122 402
2 152 376
1 29 371954771 214 458
2 307 440
2 66 142
1 282 191328710 176 236
2 8 261
1 289 707383601 275 291
2 71 490
2 441 481
1 106 208402663 218 292
2 142 465
2 144 350
1 125 173855112 171 191
1 243 398976083 355 407
2 176 440
1 77 616785941 85 116
1 382 869554604 117 353
2 231 268
1 170 360130945 116 344
1 229 264683075 45 90
2 119 482
1 478 542762276 180 470
1 475 3985719 287 352
1 444 989840230 220 496
1 437 927771398 1 336
2 34 42
2 174 498
1 138 282381586 115 366
2 77 460
1 22 561216193 470 482
2 131 281
1 33 194514210 3 184
1 348 302769177 1 407
1 229 154050442 198 297
1 111 180248274 12 237
1 135 219914565 426 431
1 250 746251698 31 255
2 284 487
1 222 205540001 55 435
2 32 485
2 167 302
1 195 197461859 210 499
1 48 395944808 153 277
1 446 298340446 210 499
2 33 481
1 75 275673423 43 254
2 22 371
1 287 405771561 270 429
2 284 362
1 152 237400897 246 402
2 71 276
1 227 65400057 153 482
2 41 142
2 241 398
1 74 174852513 39 387
2 345 428
1 433 20816570 1 292
2 428 430
2 9 334
1 199 257576653 2 403
2 183 382
1 329 624917495 268 282
1 342 289821997 110 195
1 30 210938733 125 177
1 209 151806664 54 423
1 191 993728635 376 495
2 320 409
2 410 412
1 250 629932234 189 445
2 208 284
2 34 190
2 81 319
2 163 314
1 183 18940288 270 294
1 144 145642726 89 338
1 349 392489557 73 360
1 110 928460523 176 484
2 51 271
2 63 461
1 60 129901115 77 455
2 100 367
1 141 298855260 351 384
2 108 210
2 29 426
1 413 362281513 418 492
2 259 442
2 212 228
2 357 493
1 339 623450426 274 277
2 61 300
1 352 516614713 262 488
2 36 155
2 279 392
2 301 485
1 390 889458202 19 392
1 291 167552575 10 464
2 401 489
1 356 263141068 167 335
2 6 232
1 379 149348092 443 486
2 61 224
2 173 466
2 55 70
2 142 161
2 249 483
2 44 298
2 226 362
2 50 485
1 412 671086521 226 268
1 329 133127580 74 342
1 206 884230544 100 439
1 299 710733215 123 350
2 271 327
1 56 200685225 118 173
1 227 548768335 180 326
2 184 368
1 332 418219365 127 424
2 150 178
1 323 429133931 91 220
1 293 284026706 178 180
1 382 674865936 169 224
2 35 273
2 317 408
1 89 224842243 157 452
1 40 812423640 77 292
1 97 634495327 130 174
1 375 412382854 322 435
1 168 161334087 220 479
2 128 360
2 18 65
2 407 440
1 141 243721192 98 395
1 82 115830763 226 378
1 282 947887426 160 385
1 385 794515295 164 324
2 49 71
2 53 287
1 52 693460968 150 256
2 56 245
1 426 153385108 135 151
2 142 164
2 67 74
2 215 365
1 108 394739200 22 83
2 99 469
1 469 30221619 112 296
1 91 30918190 247 484
1 443 833034818 432 496
1 58 229942454 4 482
2 199 360
2 69 210
1 443 996906165 10 479
2 115 200
2 9 58
2 287 303
1 337 93786162 139 394
2 201 306
1 337 884124400 326 357
2 133 362
1 90 731802844 91 429
2 209 384
2 126 269
2 437 446
2 340 357
1 59 354422308 119 309
2 76 429
2 45 404
1 107 794466152 175 432
2 145 407
1 115 453047155 126 205
1 31 883227488 183 296
1 100 578061276 178 372
2 171 229
2 72 173
2 233 422
1 132 632667978 254 498
1 231 952789122 329 341
1 231 760957976 99 422
2 29 278
1 115 992784814 86 203
1 485 49650584 155 440
1 486 236399797 418 477
2 61 83
2 374 472
1 157 29131090 13 431
2 57 239
1 248 999494297 246 496
2 31 495
2 83 386
1 56 89136537 24 58
2 119 194
1 163 749378194 107 131
2 62 117
1 24 489785093 82 331
1 321 208397371 138 323
2 379 490
1 216 436338337 241 347
1 62 916790802 45 327
2 278 477
1 112 564437608 74 251
1 426 616504232 263 453
2 253 479
1 146 31369353 128 381
2 108 153
1 287 869373790 147 490
1 292 658383075 30 75
1 414 13727255 62 354
2 177 207
2 131 287
1 419 401898601 73 483
2 171 203
1 333 345119295 283 379
2 113 203
1 409 356930759 412 419
2 273 409
2 160 415
1 126 79865081 338 447
1 132 934394053 187 260
1 213 971048712 138 281
2 234 447
1 304 57804461 13 67
1 135 128426021 240 286
1 283 442523784 10 495
1 447 526440711 247 434
1 207 380681667 53 261
2 136 178
1 327 184939917 158 191
2 249 331
2 153 183
1 44 117092596 6 306
1 132 662510294 41 84
2 145 331
1 141 446188939 204 282
1 425 113450547 211 405
1 112 20461817 194 326
2 371 493
1 21 558924449 215 410
2 226 414
2 362 418
2 353 358
1 446 870109877 190 476
1 142 427991243 123 473
2 122 334
2 31 289
1 30 478006074 169 255
1 197 85239894 92 178
2 168 184
2 256 478
1 123 395786215 83 353
2 39 295
1 414 448781008 313 477
2 139 253
2 84 357
2 324 459
2 368 416
2 53 430
1 285 679399513 155 475
2 349 406
2 130 222
1 302 103171476 169 453
2 261 452
2 188 377
2 158 423
2 61 81
1 87 464138954 124 498
1 370 636219929 32 54
2 241 356
1 299 950374450 133 469
1 492 640883188 280 315
2 281 322
1 242 49870460 171 455
1 256 499388084 69 449
2 244 377
2 10 295
1 309 309377806 124 237
2 159 439
2 39 80
2 220 424
1 354 258886181 198 386
1 334 160157746 48 473
1 452 374273340 346 457
2 70 483
2 183 372
2 26 487
2 113 273
2 54 161
2 290 341
2 174 308
2 55 226
1 93 112486154 61 171
2 105 213
2 29 173
1 60 180474760 290 379
1 71 14448455 97 221
2 283 370
2 121 211
1 363 211709907 114 305
2 258 415
2 14 298
1 185 255380579 329 371
2 113 188
2 319 467
1 423 323917077 231 351
1 494 19055304 207 484
2 266 301
2 83 200
2 43 90
2 17 296
2 165 391
2 190 266
1 400 540721972 7 444
1 21 609063451 198 454
1 71 532951803 309 319
2 280 400
2 296 327
1 480 571691114 362 422
2 259 425
2 132 202
2 11 303
2 133 136
2 19 465
2 37 346
1 396 812841425 85 490
1 421 770866495 4 311
2 211 469
1 165 980871796 15 382
1 74 184063450 52 92
2 51 315
1 190 219887887 99 151
2 11 494
2 231 297
2 164 214
2 311 400
1 364 763139553 23 386
2 66 496
2 55 380
1 251 314087344 51 138
1 204 19400023 71 367
1 79 440589056 154 185
2 17 53
2 345 431
2 492 495
2 3 159
2 5 305
1 62 355200454 381 497
1 31 907108725 52 426
1 481 582768364 486 497
1 492 716803508 292 401
2 67 230
2 276 414
2 199 480
1 62 714502527 28 327
2 127 363
1 356 298720164 35 397
2 79 210
2 365 482
1 96 175186827 7 299
1 377 902919697 269 321
2 6 437
1 196 62582730 146 399
1 19 529377996 13 484
2 135 402
1 72 491002769 355 421
2 99 346
1 325 205968029 65 395
1 408 17858465 454 467
2 65 195
2 109 215
2 17 370
1 90 63520061 64 496
1 209 721368955 332 360
1 175 946937901 173 219
2 12 452
1 290 958815105 147 450
2 280 314
2 427 467
1 16 386720158 71 296
1 85 220157089 17 416
2 135 327
2 179 384
1 350 681360805 187 290
2 18 190
1 277 424239495 382 490
1 369 199853074 136 137
1 488 270255484 316 441
2 68 380
1 464 304888343 15 109
1 129 816516652 204 304
1 312 932155634 130 232
1 112 341210998 113 131
1 476 945208551 79 306
1 162 259327050 294 442
2 38 251
1 43 674623207 206 289
1 357 265388979 211 418
1 431 338838478 384 471
1 244 857141965 182 344
1 75 481612618 31 312
2 121 425
1 84 816415631 5 272
1 195 562570355 134 383
2 182 353
2 47 322
1 246 948115488 62 398
1 303 774946719 110 165
2 224 248
1 117 355541529 301 481
2 264 386
1 399 329164220 322 423
1 418 644296515 331 396
1 14 228356777 201 428
2 297 329
2 204 228
2 95 451
2 116 250
2 234 254
2 0 284
1 290 896478388 195 224
1 60 417268698 388 496
2 3 239
2 162 182
2 192 417
1 32 594714161 10 324
2 43 253
1 182 933327916 140 224
2 115 487
1 35 79998678 373 414
1 443 568126976 395 457
1 107 681674747 92 416
2 115 202
2 0 395
2 5 330
1 81 116599712 219 301
1 244 979311680 268 414
1 140 143331297 42 193
2 200 279
1 32 986157595 8 257
2 423 466
2 100 333
2 69 73
1 485 763734365 335 471
1 443 897789173 61 246
1 52 765753855 100 437
2 95 98
2 69 421
2 248 433
1 220 798570474 3 151
1 463 386146773 42 94
1 164 646485998 171 358
2 117 251
1 178 376109007 215 276
2 19 345
2 333 481
1 357 127843270 105 351
2 8 247
2 59 70
1 135 83205472 40 452
1 155 499467580 169 255
1 220 760912696 35 415
2 152 443
1 82 83849850 258 474
2 32 238
1 70 639982636 56 496
1 408 324988421 70 219
2 142 257
2 231 396
1 122 681270139 72 214
2 164 452
2 112 221
2 99 484
2 62 289
2 134 415
2 155 380
1 487 866230523 378 463
1 419 785052571 192 305
2 388 403
1 432 115816442 59 208
1 431 985243931 473 490
1 264 143355109 38 311
1 419 559852262 81 493
2 1 120
1 224 702748691 151 336
1 445 994779915 39 215
1 22 637680420 57 188
1 139 226653454 106 201
2 371 462
2 187 255
1 421 310663673 235 269
2 64 386
2 216 466
1 133 157228675 193 200
2 233 261
1 322 210443677 322 495
2 274 304
2 65 263
2 405 466
1 210 107500543 432 451
1 401 983442971 331 483
1 130 40199974 45 49
2 134 175
2 112 309
2 123 140
1 273 718785821 88 222
1 393 893421653 312 449
1 162 183661046 12 16
2 225 417
1 350 508347930 147 398
1 249 456593806 173 428
2 263 482
2 185 464
2 214 371
1 474 144968154 130 320
2 305 479
2 90 396
2 231 336
2 27 450
2 217 423
2 19 273
1 45 623227141 270 376
1 359 451402213 27 332
2 128 455
2 152 314
2 6 22
1 457 590596234 172 177
2 132 375
2 79 315
2 46 313
1 157 605975227 34 440
2 62 119
2 28 419
1 26 585163670 67 138
1 375 696868411 411 449
1 262 900046269 262 486
2 39 429
1 149 750780937 231 337
2 54 412
2 226 331
2 371 402
1 397 532291015 391 472
1 89 28565686 445 495
2 330 477
1 106 240454294 452 476
1 415 227333039 223 268
1 410 486307577 120 388
1 38 148806 157 439
1 116 108692809 117 174
2 95 262
2 209 487
2 204 214
2 270 335
2 99 279
2 126 186
2 140 147
1 365 31878998 52 491
2 204 335
2 257 324
1 274 408465354 140 173
2 171 273
1 166 191035814 306 442
1 342 543411858 75 479
2 111 335
2 24 383
2 160 227
1 359 705577226 52 367
2 442 490
1 267 16628166 349 492
1 371 148691170 372 468
2 124 304
1 453 644574239 129 277
1 189 30688614 60 144
1 334 616749868 362 455
1 185 197117995 17 242
2 121 426
2 91 450
2 2 134
1 281 837771638 70 224
2 118 259
1 159 149642387 158 472
1 271 152793234 68 115
1 381 602508917 293 326
1 42 32529674 26 430
1 462 195426339 16 125
2 255 427
2 8 292
1 327 882266324 264 377
2 17 75
1 444 480137097 297 393
1 227 722268655 339 367
2 4 218
2 210 327
2 15 346
2 40 316
2 238 420
2 65 111
2 115 272
2 54 214
1 20 561257265 233 317
2 144 254
2 303 338
2 141 160
2 63 472
1 270 658743137 279 386
2 430 460
2 166 454
2 355 466
2 172 289
2 383 477
2 104 380
2 106 149
2 19 250
2 124 279
1 372 583530485 32 173
1 78 963336316 70 82
1 386 952842663 234 377
1 433 271789154 82 488
1 136 755064657 223 285
2 23 373
2 352 404
2 8 309
2 113 299
1 34 577877055 66 413
2 291 435
1 12 384542124 343 404
1 447 564659671 135 480
2 378 427
2 246 260
1 459 486126228 190 339
1 71 15363019 79 112
1 222 199859109 42 239
2 158 205
2 124 253
1 299 507221450 324 496
2 280 393
1 90 423388562 42 153
2 193 483
2 31 65
2 2 325
2 174 358
1 85 561843564 65 396
1 193 233573894 65 83
2 116 156
1 9 604506802 20 181
1 183 379724984 57 414
1 219 117931507 86 461
2 126 479
2 79 188
1 374 154877616 238 376
1 197 194758449 176 245
1 160 257249716 4 118
2 267 355
1 285 549110979 343 391
1 409 976139543 210 316
2 190 489
1 23 903618944 150 244
2 69 115
2 299 451
1 464 3548176 269 358
2 149 446
1 269 40546524 111 465
1 13 411838781 258 344
2 111 112
2 142 246
2 144 340
1 427 946289562 228 373
1 17 224990652 46 382
2 182 374
1 267 921504756 117 288
2 22 389
2 194 213
1 288 328265965 27 110
2 133 476
2 52 431
1 195 741817163 8 29
2 135 259
2 9 137
1 77 657495547 248 286
1 348 912519120 41 389
2 86 315
1 281 459487343 263 282
1 320 335955324 32 266
2 36 162
2 68 326
1 313 301178128 257 387
1 15 142700529 210 290
1 198 262949483 6 207
1 461 187058862 45 182
1 204 993307451 311 452
1 183 236866157 105 265
1 431 157341843 242 485
1 325 437925886 57 172
2 176 477
2 159 219
1 431 369704830 242 408
1 265 98064970 72 159
2 75 384
2 344 360
1 169 105052160 35 387
2 104 277
1 482 353605217 21 227
2 70 140
2 35 474
1 463 282773067 277 344
2 359 411
2 231 376
2 312 450
2 42 79
2 137 380
2 204 279
1 16 4438515 5 491
2 128 337
2 22 290
1 239 38241457 376 495
2 138 150
2 125 259
1 231 877453514 97 124
2 195 427
1 344 682597270 34 313
2 416 442
1 498 641325481 284 473
2 259 378
2 302 401
1 226 324949604 200 274
1 471 497574121 153 272
1 398 32753907 23 112
1 468 744625688 237 261
1 287 486771425 89 357
2 150 276
1 222 267300818 309 348
2 210 302
2 1 179
1 167 514234935 64 167
2 87 494
2 266 337
2 162 242
2 136 476
2 246 274
2 88 462
2 59 309
2 160 344
1 263 187200822 71 425
1 312 434748298 150 311
1 327 647351066 54 119
2 460 490
1 271 214447325 108 364
2 165 229
2 162 330
1 158 681788605 270 472
2 263 314
1 277 802126273 211 307
1 314 986053379 145 414
2 323 420
1 132 216305749 104 391
1 486 527900878 227 374
1 496 575946178 182 418
2 355 370
2 166 435
1 159 941418983 330 453
2 40 237
1 8 991137617 145 272
1 152 637978506 82 162
1 323 616912148 75 188
1 63 563496543 264 380
2 57 499
2 23 75
1 211 531676041 278 305
1 132 89384111 91 407
1 84 299382940 193 344
2 310 392
2 376 475
1 232 827427398 127 411
1 413 269594882 100 420
1 12 453434817 81 348
1 275 542269303 88 436
1 113 173024748 63 97
2 24 122
1 440 785037649 69 234
2 9 255
2 119 194
1 426 39755552 17 401
2 9 493
1 276 527488723 44 390
1 283 13663491 47 198
1 296 990792525 322 330
2 176 269
1 213 404395372 87 392
1 78 671121944 83 360
2 4 467
2 397 417
1 96 768121439 137 249
1 244 534247929 389 495
1 396 527850645 244 421
1 131 647932745 202 205
1 376 172617272 71 427
1 269 638360744 288 446
2 56 368
2 197 331
2 205 475
1 474 124747594 127 396
2 259 270
2 153 354
2 36 203
2 48 72
1 174 462507849 85 293
1 306 672521060 268 294
1 339 547494546 62 382
1 313 992756223 22 180
2 341 442
2 349 367
1 72 267887521 85 254
1 302 231824474 131 306
2 93 499
2 25 268
1 118 491347226 27 306
1 498 923551417 224 386
2 57 214
1 237 482242706 319 427
2 62 451
2 372 418
2 121 197
2 67 260
2 342 401
1 120 5722479 321 342
1 230 804302248 39 73
2 13 329
2 224 269
2 59 493
1 37 274815261 157 283
1 213 239934399 112 449
2 240 256
1 350 715835171 155 316
2 101 126
2 2 117
1 14 123419279 273 393
2 126 305
2 281 292
1 237 923844216 74 129
2 94 426
1 16 608659872 97 295
2 297 396
2 43 350
2 18 395
2 204 248
2 246 404
2 41 204
1 263 337138511 253 370
2 89 263
2 17 48
2 48 215
1 355 404968197 252 283
1 240 403624707 333 341
1 62 267045137 138 400
2 43 409
1 181 173857362 131 377
1 69 749140116 34 49
1 454 987855191 104 217
2 277 316
1 68 242720161 229 238
1 233 439703040 35 58
1 231 444098584 186 466
2 22 86
2 214 260
2 105 199
1 435 374010705 90 242
2 161 307
2 241 289
2 341 482
2 302 354
1 239 96640723 82 379
2 273 332
1 305 254484120 92 438
1 484 619187800 146 301
2 16 159
2 16 67
2 172 177
1 126 33249277 59 127
1 250 766479507 273 358
1 388 58654164 339 452
1 140 997281136 136 462
2 265 484
1 295 758747420 8 460
1 271 304137178 123 272
1 71 355737758 38 264
2 114 248
1 292 138122483 311 486
2 84 122
2 235 343
1 89 41705257 225 230
2 272 414
1 314 131125860 244 348
2 355 420
1 368 755426561 126 269
2 252 426
1 401 630263624 26 389
2 70 442
2 122 154
1 190 636616903 382 414
2 151 349
1 401 497169614 216 351
1 128 28133227 50 198
1 51 192583011 158 284
2 75 374
1 263 924927405 46 49
1 316 34372761 157 434
2 187 416
2 304 404
1 281 141242562 41 383
1 93 636352206 21 175
2 98 268
1 110 697413167 227 268
1 267 812657849 205 217
2 185 197
1 159 439033647 268 438
1 87 220232322 381 410
1 6 55019069 113 483
1 359 567573916 158 472
1 384 520917569 199 293
1 175 50439153 27 495
1 305 186497377 41 267
1 313 733023419 40 182
2 299 426
1 435 281708290 385 390
2 29 342
1 40 148397795 316 334
2 154 486
1 460 275765611 141 273
2 26 273
2 109 386
1 226 100661739 134 443
2 210 333
1 88 604372879 134 330
2 90 121
2 425 488
1 104 430143355 152 265
2 102 305
2 175 198
2 45 68
1 168 741812683 224 349
2 88 267
1 276 142782420 96 141
1 124 915666288 73 89
2 63 382
1 447 824653177 146 269
2 166 258
2 141 294
1 215 248315504 82 337
2 105 168
2 117 416
1 97 754693010 108 378
1 268 315895813 89 273
2 64 386
1 487 182728451 91 403
2 257 290
2 110 147
2 211 436
2 113 324
1 37 551164434 357 479
1 392 830653189 335 343
2 338 494
1 203 407596394 24 344
2 297 321
2 326 470
2 118 221
1 412 960695021 168 241
1 271 670171708 147 467
1 185 284707116 345 489
1 203 173519576 113 314
2 106 227
1 47 808746390 77 499
2 92 469
2 260 458
2 52 409
2 53 210
1 150 129287723 226 421
2 310 311
1 63 296831472 60 472
2 176 341
1 378 692646038 89 275
1 158 210227778 259 297
1 419 161065420 77 465
1 326 965169347 29 438
2 80 284
1 59 274680085 36 217
1 193 525996990 190 222
2 35 190
2 102 290
1 72 239264969 205 441
1 137 970199514 248 288
2 74 477
2 38 107
2 191 272
1 479 901049746 152 190
2 101 395
1 306 64585619 122 194
1 80 941155623 120 282
1 20 667134191 114 302
2 92 444
1 319 469163920 30 85
2 166 170
2 93 320
1 431 920457365 393 448
1 387 160640353 164 185
2 177 427
1 68 673902182 55 262
2 161 166
2 99 204
1 96 772039647 53 68
2 127 311
2 14 370
1 256 910928661 137 170
2 151 470
1 66 169381846 2 403
1 154 413880091 199 399
1 220 643022961 162 313
1 439 962579394 21 50
1 377 389836250 239 257
2 347 446
1 410 440485457 142 414
1 271 365247348 127 212
1 280 630214761 420 468
2 439 450
1 0 90414250 291 496
1 408 393630930 28 298
2 151 319
1 85 182660128 56 274
2 145 297
1 346 91230965 103 152
1 373 556557817 107 114
2 14 493
2 230 246
1 0 986123062 61 172
2 84 98
1 486 806305664 233 408
2 295 336
1 456 831843716 57 347
2 101 288
2 196 353
1 377 239241672 324 418
1 481 402364475 346 354
1 13 10569481 219 436
2 73 157
2 290 306
2 231 373
2 235 237
1 295 930151149 101 456
1 40 801916696 84 452
1 13 283247223 446 455
2 212 213
2 251 470
1 426 909685959 52 335
2 337 478
1 294 339467171 43 88
1 436 162395107 92 162
2 41 318
2 110 131
1 138 617649155 245 265
2 184 288
1 76 218110081 345 423
1 342 179111875 371 497
2 12 498
2 29 470
1 163 900528002 289 316
2 330 410
1 70 533034281 31 432
1 137 77455505 305 312
1 208 844652998 256 298
1 311 367548966 143 364
1 17 404624018 48 89
1 312 2861802 4 266
2 54 87
1 258 100198342 155 411
2 211 304
1 168 876562420 116 395
2 188 329
1 138 98503652 162 318
1 463 93698288 228 434
2 28 240
1 327 642455217 50 386
2 42 247
2 172 281
1 216 998188838 9 489
2 132 304
2 147 259
1 111 522840645 110 115
1 355 770171653 145 259
2 381 425
1 134 716978723 98 126
1 282 337998121 252 278
1 268 10177297 153 276
2 243 495
2 33 149
1 380 386257347 12 498
2 105 327
2 308 407
2 4 436
1 308 716887400 156 490
1 307 228761583 124 133
1 82 154778250 392 422
2 408 478
2 424 461
2 224 497
2 199 465
2 440 456
1 171 757364291 278 441
1 142 132436932 200 342
1 23 190584260 248 470
2 110 466
1 104 535148353 294 477
1 120 634020459 430 465
2 167 209
2 90 274
2 144 150
1 358 795187348 94 491
2 396 437
1 428 746082740 1 416
2 14 485
2 249 416
2 332 397
2 100 129
2 79 186
1 339 257397796 80 206
1 449 695405652 86 239
1 190 752422994 64 286
1 419 73019573 30 353
2 1 418
1 84 777313577 37 268
2 201 364
1 371 32926318 313 393
2 301 307
1 371 254265145 231 384
2 105 215
1 466 353330548 36 278
1 305 810997502 140 366
2 219 457
1 371 751829054 271 315
2 156 401
1 300 172429674 81 325
2 42 229
2 33 66
1 472 235273764 111 335
2 64 246
1 103 702327546 309 487
1 166 674496838 38 366
2 88 196
1 484 214315416 111 149
1 220 459468536 121 321
1 110 106815058 231 324
2 201 226
2 137 499
2 161 182
2 83 341
2 130 185
2 94 435
2 101 221
2 212 245
2 10 324
1 455 367718795 204 391
1 80 388554776 78 329
1 38 783029134 168 226
1 220 112373165 24 202
1 65 721529976 455 470
1 181 782208486 286 374
1 244 621248776 246 476
1 451 59408126 174 229
1 126 495831140 223 402
1 32 607944441 70 158
1 242 326322052 13 453
2 315 440
2 133 138
1 42 194274908 136 233
2 117 153
1 74 742354546 33 42
2 188 302
2 147 209
2 23 262
1 66 893558797 138 187
1 260 507692232 307 416
2 35 261
1 430 835689121 34 229
2 266 274
1 472 724338599 61 260
1 412 41867109 182 211
2 186 226
1 16 634405723 5 109
1 174 850766337 87 162
1 155 897964893 46 329
1 310 816607263 173 313
1 231 884368033 33 226
1 267 942777386 49 167
1 445 182382453 149 172
1 79 324747390 51 174
2 239 335
1 341 114002080 363 438
1 50 479184202 127 357
2 51 473
1 65 337623939 339 406
2 415 435
2 100 212
2 207 237
1 81 440241894 335 467
2 77 335
1 495 277588676 239 378
1 379 668634908 19 287
2 342 441
2 317 480
1 263 30733380 109 435
2 214 404
1 150 506139893 351 464
2 293 475
1 432 202265327 202 440
2 136 266
2 7 454
1 191 824216008 262 307
2 196 429
1 106 26954910 118 186
1 136 67816192 138 347
1 350 788501402 486 488
2 256 435
1 116 14276049 428 440
1 435 745543057 134 465
2 23 115
2 110 152
1 367 581852378 295 296
2 93 405
1 5 74029850 160 471
1 221 893724809 249 263
2 24 327
1 465 537577213 250 477
1 184 14032383 104 156
1 31 650876571 309 466
1 168 117134536 92 395
2 354 441
2 239 460
1 271 519172550 171 353
1 122 24416824 94 279
2 47 334
1 320 10399349 125 314
1 492 277197257 310 448
2 110 454
1 448 607526277 373 418
2 236 485
1 234 60941109 172 289
2 117 133
2 228 439
2 264 420
2 396 414
2 358 445
2 62 112
1 421 414374612 148 158
1 444 951193796 153 331
1 343 642590037 128 447
1 288 873305198 401 421
1 461 744217036 209 482
2 47 312
1 495 195624926 168 298
1 404 196793199 31 222
2 400 453
1 22 393762392 64 320
2 117 150
1 81 428022578 100 352
2 297 356
1 369 608957844 140 424
1 421 691736993 364 414
2 31 79
2 117 394
2 100 377
1 30 572568329 106 192
2 40 46
1 282 153255418 126 127
2 54 255
2 167 210
1 86 714783744 282 316
1 254 137763593 180 365
2 161 353
1 382 968407171 184 436
1 85 415171350 271 310
1 406 757663239 167 427
1 180 496128275 60 441
1 162 282875053 102 318
2 66 489
2 144 405
2 20 484
1 6 955065714 290 390
2 299 421
2 120 349
2 263 293
1 98 139102362 27 498
2 122 327
2 48 284
2 176 352
2 30 217
1 51 341578065 127 458
1 435 292389485 43 287
2 263 459
2 60 419
1 398 368976968 268 404
2 183 211
1 437 392648386 314 496
2 149 485
2 281 312
1 44 425544881 66 108
2 385 421
2 215 399
2 31 328
1 364 65413524 322 374
2 283 416
2 75 402
1 380 97392255 171 241
1 404 2282978 308 414
2 96 470
1 169 659280657 37 336
1 198 270833571 321 378
2 362 467
1 278 841550971 43 314
1 367 687792581 175 281
2 325 379
1 402 263448741 99 143
2 375 469
2 0 263
2 93 136
1 301 785449072 292 367
1 109 398909105 234 352
1 257 91071476 164 370
1 306 689612491 97 107
2 222 246
2 174 399
1 87 430969059 87 303
1 340 998500 9 267
1 320 736604971 83 114
2 182 429
2 206 310
1 121 624705201 110 201
1 76 45972608 18 47
2 195 306
1 185 539710263 241 367
1 31 838634896 169 334
1 476 668253 111 144
1 235 744490486 150 374
2 149 432
2 208 352
2 92 248
1 76 338745573 114 439
1 454 850349219 38 427
1 497 746983883 88 300
2 22 444
1 147 489502486 138 221
2 11 252
1 248 220826302 139 166
1 101 248822662 190 272
2 90 116
2 111 268
1 421 177471494 196 341
1 361 905729585 39 56
2 14 40
1 397 44721285 286 392
1 353 149051764 365 435
2 126 239
2 42 49
1 484 174822419 353 420
1 205 595944913 237 352
1 484 53535117 413 450
1 141 708649200 174 329
2 117 308
1 40 282265412 29 348
1 406 227565013 54 287
1 214 18201587 114 479
2 442 443
2 56 102
2 74 426
2 63 232
2 421 474
1 407 934108755 120 162
2 88 228
2 213 370
1 63 25679458 415 484
1 162 275913506 90 282
1 248 441617480 313 380
1 349 375696880 1 197
2 233 244
1 49 62220680 28 126
2 20 181
1 342 258024679 129 475
1 215 446068371 2 333
1 239 564635145 29 488
1 443 896414108 77 408
2 28 446
1 80 990073563 61 266
1 223 976734257 118 150
2 179 262
2 282 333
2 26 342
2 145 218
2 154 368
2 85 243
1 66 80472430 163 468
1 258 479728136 325 487
2 18 49
2 355 368
2 32 472
2 85 121
2 270 338
2 348 457
1 342 347815774 296 301
2 45 59
2 96 110
2 219 241
1 214 257818218 303 416
2 90 143
1 490 542463473 51 355
1 479 53935697 439 485
1 258 435899420 52 494
1 149 768806881 323 381
2 149 231
1 363 560327931 83 133
2 76 426
1 268 448150668 388 476
2 54 327
2 77 276
1 189 492329187 49 489
2 192 212
2 8 271
1 106 492525646 4 238
1 447 1717993 120 346
1 5 541742901 6 175
1 490 644605891 27 270
1 37 60532257 73 392
1 280 583360072 302 488
1 47 262295350 106 227
1 399 377386507 211 415
2 47 177
1 397 905585381 211 229
2 348 478
2 320 393
1 465 680161945 484 495
1 198 192354129 12 336
1 288 151986567 117 451
1 106 338661831 181 329
2 180 423
1 339 569957274 369 372
1 26 173905310 129 279
1 103 802397155 380 438
1 456 442955572 99 449
2 197 248
2 83 451
2 11 319
1 83 364629432 97 132
1 2 333250960 35 440
2 251 318
1 197 141630547 79 152
2 60 105
1 81 108506359 136 142
2 83 334
2 48 185
2 446 487
2 198 351
2 256 419
2 2 74
1 213 7163727 71 323
2 155 487
1 138 779468189 149 248
1 104 539777813 73 109
2 291 388
2 85 249
2 97 425
1 366 343023155 396 471
2 133 174
2 420 494
2 306 488
1 444 313848541 245 357
2 55 486
2 292 469
2 3 473
2 396 487
2 306 433
1 404 37994072 128 210
2 110 163
1 170 655871056 0 118
2 127 443
1 374 972983372 234 405
2 55 318
1 156 513374148 133 499
1 306 631235602 217 299
2 487 490
1 150 825139814 53 419
1 343 94107438 162 260
1 45 963463905 106 275
1 189 249537525 32 283
2 55 389
2 208 447
2 195 404
1 9 181591694 130 183
1 437 366004447 227 269
1 212 526960781 40 494
1 410 792346507 45 452
1 266 32166331 278 305
2 59 157
2 16 492
1 215 732750999 177 433
1 48 899504210 392 472
2 185 391
1 267 683899353 202 376
1 131 225700685 113 499
2 194 353
2 67 373
1 11 543878088 27 216
2 154 423
1 178 603861781 197 285
1 53 671201342 122 447
2 463 482
1 402 213597812 350 369
2 1 355
1 57 266945913 273 332
2 95 139
2 34 74
2 320 336
2 125 267
2 275 476
1 329 211864302 199 489
1 21 760344607 208 209
2 97 230
2 181 471
2 104 147
1 209 96317315 131 178
1 343 589506607 445 464
2 176 372
2 106 472
2 65 177
1 81 468724393 171 378
1 151 203098009 47 216
1 361 96770684 37 211
2 102 414
1 344 375649756 8 107
1 206 195882270 459 466
2 360 370
1 123 818677389 9 398
1 262 564811276 108 270
1 354 484298951 243 401
2 194 286
2 359 461
1 472 223178872 331 392
2 50 373
2 38 470
2 83 145
1 305 328462309 166 238
2 406 455
1 168 531721396 9 398
1 319 784941082 312 426
2 300 325
1 52 858078852 146 332
2 100 140
1 302 611776524 111 492
1 190 227451533 217 424
2 53 94
2 215 445
1 188 534344174 172 347
1 247 154718670 41 272
1 20 811480651 306 328
2 407 419
1 211 595990789 262 401
2 334 369
2 91 186
1 232 407798189 130 305
2 213 398
2 139 273
2 240 362
2 334 445
1 158 202706351 17 449
1 213 512569804 28 407
1 296 190962905 285 380
2 102 297
1 72 268531858 81 166
2 307 432
2 165 434
2 5 407
1 77 305803070 63 390
2 125 446
2 374 480
1 207 879704144 151 313
2 10 365
2 21 391
2 133 244
1 281 44105712 20 460
1 147 448762441 229 395
1 324 91593998 122 158
1 156 764150404 193 193
2 133 345
1 402 298539332 192 303
2 83 201
2 256 498
2 39 82
1 124 589321322 82 165
1 180 174917231 2 38
1 131 729125829 75 493
2 30 222
2 297 330
2 23 359
1 99 482435710 423 441
2 13 112
2 91 357
2 130 444
1 245 373794817 71 395
2 159 265
2 139 254
1 211 139156159 71 488
1 481 605798389 162 203
1 237 25650036 307 313
2 48 408
2 7 420
1 285 221389885 327 474
2 165 296
2 66 353
2 267 383
2 25 443
2 234 275
2 142 378
2 50 165
2 155 321
1 131 757911189 247 359
2 93 445
2 74 349
1 60 730627748 241 326
2 239 244
2 462 489
1 80 364459655 6 199
2 40 411
1 54 358134764 349 354
2 3 71
2 30 233
2 82 135
2 56 279
2 133 140
1 200 998440806 411 498
2 89 487
2 5 54
2 382 472
1 145 28351054 339 356
1 322 809504871 337 394
1 99 444693361 245 390
1 187 706779776 32 409
2 198 485
1 103 502787393 136 342
1 8 792302718 10 95
1 40 657590886 132 257
1 178 918488595 36 391
2 60 260
2 164 265
1 349 723917442 281 419
1 290 547994099 157 267
1 242 670665666 46 199
1 68 89386231 37 254
1 158 946590988 107 257
1 181 95111216 192 342
2 125 341
1 492 451092628 78 447
1 17 633931300 79 79
1 88 914128852 285 451
1 225 717407219 31 478
2 11 140
1 179 11489113 390 484
2 119 196
1 108 246242659 193 244
2 159 200
1 321 816275137 115 433
2 77 406
2 183 299
2 213 334
2 270 490
2 277 306
2 298 455
1 201 880211365 105 338
1 168 946139749 123 194
1 262 603848379 297 480
1 281 788107242 441 485
1 330 220851872 310 330
1 415 812780852 466 486
2 270 272
2 14 290
2 275 349
1 226 984712336 101 312
2 294 332
1 288 967736068 217 254
2 199 242
1 309 822929087 177 362
2 185 447
1 226 890108035 153 156
1 100 691504517 32 150
2 221 408
2 121 169
2 372 401
2 38 380
1 376 983823165 95 206
1 458 414813857 366 397
2 166 277
1 386 498094727 273 413
2 155 159
2 202 490
2 147 207
2 291 385
2 213 381
1 230 828271077 68 77
1 355 562541590 231 380
2 92 355
1 275 776710465 183 356
1 227 303959174 210 453
1 147 587266139 132 231
2 25 363
1 395 517683374 145 273
2 369 374
2 37 395
2 317 454
2 291 439
1 359 578026871 182 449
1 11 85821776 234 447
2 286 325
1 417 259591525 25 476
1 231 544544281 25 251
2 79 484
2 72 310
2 132 337
1 363 23506740 143 492
2 274 369
2 39 495
1 469 187894629 62 66
2 172 265
2 192 269
1 460 849907626 68 392
1 2 319831984 60 486
1 480 299054798 108 213
2 153 343
2 431 470
1 439 674023421 85 343
2 82 124
2 124 346
2 91 492
2 185 210
2 23 346
2 329 415
1 17 131551670 79 103
2 156 400
2 96 217
2 408 492
1 200 824600878 8 152
1 214 120728927 141 362
1 389 280086212 275 432
2 165 392
2 272 446
2 158 385
1 48 141271110 179 384
2 91 283
1 231 958613364 365 383
2 72 403
1 369 897980866 194 374
2 300 431
1 375 326339662 450 499
1 232 193361736 207 272
1 183 302218990 98 377
1 294 497774077 424 439
2 24 383
1 447 269530896 254 366
1 17 19095653 44 379
2 213 380
1 259 735429018 465 477
1 260 697045471 154 451
2 52 76
1 124 947652512 45 126
2 221 235
1 499 196563179 161 246
1 370 764133843 340 458
1 133 406436044 81 410
1 123 572600358 207 465
2 271 382
2 164 465
1 326 15327218 64 451
1 412 899186912 255 335
2 37 450
2 181 314
2 345 451
1 114 23410149 38 366
1 173 543899311 49 208
2 98 172
2 167 426
1 9 771784475 209 362
2 47 58
1 368 193334869 442 472
2 79 209
2 5 473
2 235 484
1 390 178727728 124 450
1 388 870421841 249 372
2 185 407
1 24 186393025 239 307
1 236 681165059 63 305
2 235 289
1 386 756598025 11 239
1 260 744427346 109 120
2 313 358
2 168 484
1 137 830731740 128 410
1 100 530528293 86 150
1 432 410053270 202 461
2 64 109
2 21 492
1 472 860485541 221 403
2 268 447
1 295 87831107 20 389
2 122 393
1 145 402621721 110 237
1 237 262128827 64 400
1 71 611901575 407 487
2 265 380
1 413 941927431 103 189
1 339 518250725 35 176
2 33 386
1 17 815310355 9 146
2 350 405
2 57 233
2 263 495
2 142 360
2 167 342
2 47 465
1 417 562063390 213 267
1 110 104312862 303 360
2 305 402
1 495 747460917 72 390
1 190 369196827 133 424
1 116 598568293 89 397
2 176 397
2 19 208
2 50 257
1 437 25420130 322 434
2 46 174
1 454 34198130 309 395
1 288 828623217 194 448
1 197 139222592 58 207
1 213 433988473 390 447
2 167 475
1 347 621290719 163 426
1 329 906877472 23 470
1 194 43832943 352 444
2 7 328
1 40 695525197 56 91
2 84 364
2 22 421
2 226 493
2 359 420
1 477 224661606 12 404
2 211 418
1 319 596806787 155 487
1 256 991089254 149 201
1 146 272999706 202 386
1 100 313741516 31 44
1 58 170556398 238 250
1 298 299971542 215 219
1 325 976065351 45 293
2 171 324
2 159 343
1 56 135856733 351 400
1 167 475175160 127 131
1 449 161866547 131 468
1 291 81037060 49 111
1 103 174980443 117 155
2 310 473
1 39 734745877 89 439
2 51 99
2 133 198
1 242 491436723 60 471
2 140 330
2 48 326
1 343 620182286 285 348
1 379 333045077 181 302
1 137 826829096 107 490
1 353 24128784 337 363
1 306 201127634 28 300
2 415 475
1 365 796932229 496 499
1 268 533230253 285 450
2 87 276
1 445 744942521 18 380
2 75 422
2 125 344
1 213 878557017 52 474
2 183 299
2 414 466
2 151 479
2 192 261
1 401 362860231 203 452
2 196 383
1 275 218288457 140 360
2 60 98
2 199 266
1 266 993030209 133 169
1 239 618659171 95 465
1 244 40633457 152 330
1 111 222096207 157 335
2 190 237
2 394 469
1 417 182823190 22 359
1 295 476447638 265 426
2 131 315
2 407 480
1 193 245663820 201 203
2 166 432
1 78 444510803 190 265
2 316 387
2 54 386
2 194 430
1 466 898133136 174 436
1 496 44504154 10 393
1 417 316996471 208 265
1 334 312837841 296 305
2 147 499
1 242 842022698 119 167
2 210 236
1 94 21608152 427 474
2 302 406
1 368 842742661 73 317
2 67 255
1 38 814787094 15 483
2 46 57
1 127 426265663 200 432
1 67 839193543 225 438
1 87 269665589 81 201
2 102 104
2 431 432
2 238 285
1 483 558337208 44 398
1 9 595750896 247 395
2 205 313
2 162 174
1 407 106541893 118 281
1 444 262167718 72 95
2 19 462
2 105 162
1 197 35255213 91 295
2 118 268
2 354 398
2 0 421
1 305 533835959 6 198
2 210 405
2 18 51
1 462 803943911 16 104
1 174 757113272 292 322
1 402 309545540 466 484
1 254 221908795 210 239
2 1 49
1 100 476810255 62 169
1 48 11216370 143 408
1 478 913438244 342 439
2 96 315
1 320 139852013 231 240
1 216 436626713 24 295
2 163 347
1 470 423206379 47 390
1 320 237825861 284 389
2 402 410
2 304 446
2 182 200
1 229 130253780 267 438
2 405 456
2 261 491
2 300 323
2 131 299
1 238 527985308 381 440
2 227 289
2 366 444
2 35 196
1 337 51213617 40 327
1 20 733705348 65 418
2 212 277
2 34 353
2 273 485
1 273 566034289 69 174
1 2 38237933 85 452
2 232 267
2 155 499
2 324 382
1 232 212793542 44 83
2 133 194
2 146 458
1 14 892688911 28 253
2 84 497
2 78 368
1 139 426034119 45 266
2 198 383
2 3 117
2 324 329
2 153 192
2 105 310
1 455 673160937 359 367
2 220 307
2 42 408
2 329 402
2 83 435
2 1 143
1 322 955169235 58 207
2 133 168
2 234 270
2 166 227
1 157 754667206 155 289
1 467 791877982 340 471
1 491 533281892 144 227
1 335 437487584 161 243
1 104 161874272 73 485
2 197 494
2 162 431
2 75 245
2 26 91
1 40 5440654 70 499
2 197 198
2 119 437
2 226 406
2 281 415
2 107 444
1 95 365375114 452 469
2 67 103
1 42 243501095 183 404
1 218 926842996 234 450
1 487 954357823 301 410
1 330 200436779 183 243
1 351 723171142 119 441
2 402 418
2 69 248
2 71 438
2 248 313
1 57 554734570 129 329
2 405 428
2 43 165
2 239 386
1 89 602666265 171 324
2 468 471
2 144 425
1 454 711137934 27 377
1 109 108227867 86 345
2 74 113
2 101 437
2 57 464
1 340 70960683 112 188
2 372 438
1 20 6034336 281 288
1 258 205866633 70 198
2 79 172
1 258 540223762 265 414
1 168 518110375 15 443
1 424 223462869 17 291
1 221 364517411 137 341
2 152 339
1 415 776058660 124 273
1 412 350655864 36 258
2 358 384
1 472 133588098 81 492
2 260 380
1 253 8120387 32 107
2 75 92
2 17 179
1 136 26096113 5 89
2 171 488
1 445 603407534 17 450
1 300 209120184 188 373
2 324 406
2 282 496
2 193 211
1 476 911000069 11 307
1 386 261448094 51 403
1 402 149247779 181 265
2 44 133
2 37 279
2 187 338
1 32 861629287 167 404
2 421 427
1 303 386128824 35 353
1 122 433673691 230 400
2 144 422
1 442 762481804 198 307
2 179 294
1 481 805640055 171 393
1 70 421584203 272 377
1 355 953116075 127 334
2 82 411
1 474 67726000 88 275
2 124 364
1 188 8300972 198 280
2 70 325
1 484 736438002 107 272
1 267 124781369 241 409
2 149 293
1 404 120924002 121 477
2 208 447
2 72 275
2 130 422
1 91 934984585 383 397
1 398 153423809 27 183
1 209 758903810 444 476
1 364 921045942 124 335
1 19 164537065 48 434
2 271 407
2 408 428
1 482 564464061 73 390
1 479 280760463 86 484
1 457 295863138 399 427
2 34 417
1 442 408194291 267 315
2 202 445
1 41 676785417 124 168
1 224 475164924 303 480
2 266 345
1 65 720174533 149 307
1 242 165491178 278 305
2 187 319
2 285 422
1 190 757134218 169 192
2 285 329
2 96 451
1 121 798149475 204 356
1 415 129905125 146 477
2 195 245
2 36 288
2 7 421
2 190 324
1 320 625151874 369 453
1 481 953497651 253 417
2 212 393
2 323 340
2 231 288
2 13 425
2 17 175
2 132 329
1 106 621454431 241 358
1 181 576319834 476 490
2 151 427
2 8 212
2 419 423
2 286 494
2 4 466
2 25 291
2 308 322
2 323 386
1 36 864735383 147 342
1 391 17052940 242 423
1 184 108161605 142 487
1 317 733115616 52 230
1 123 590432406 166 379
2 401 418
1 67 514496414 70 123
2 318 454
1 268 16190372 62 457
2 63 183
2 363 421
2 13 389
2 71 79
1 60 74861809 326 423
2 217 462
1 322 458773303 58 213
1 142 874832008 356 380
2 161 281
1 72 892989839 70 158
1 19 488519417 0 439
1 231 844531336 49 468
1 322 255482222 95 117
2 14 477
1 458 443785745 253 269
2 33 124
1 35 65290060 249 254
1 106 524159764 201 242
1 68 263449604 105 203
1 355 769078594 53 415
2 104 491
1 58 119457845 238 391
2 74 243
2 433 484
2 73 436
1 317 972347895 91 160
1 336 140357537 91 455
1 180 418086355 64 286
1 148 802096623 9 58
1 482 970130707 409 481
2 84 156
1 82 41777841 463 481
1 250 386567853 193 321
2 244 368
1 61 542899296 81 445
1 106 918368189 21 104
2 9 77
2 141 154
1 337 782247080 46 440
2 321 343
2 132 234
1 7 27745309 297 428
1 336 519289610 58 174
1 313 101705952 93 474
1 31 830888318 400 492
1 378 519523639 130 492
1 289 596158772 80 382
1 330 191780942 10 443
1 319 156430491 61 78
2 51 266
1 448 355325218 194 335
2 144 257
1 199 13076227 152 371
1 93 423412598 51 405
2 302 464
1 206 326776519 358 468
2 140 455
2 340 461
2 266 494
1 318 977423167 36 270
2 357 431
1 377 468263777 262 297
2 10 31
1 122 284392722 277 372
2 170 354
1 88 373454754 263 385
1 168 782452857 7 357
1 394 236589914 321 491
2 245 473
2 153 433
2 1 4
1 274 654237830 26 376
2 7 370
2 320 387
1 462 266146330 173 288
1 56 830764291 79 414
1 239 505502767 116 195
1 473 819241373 31 180
1 182 345444099 353 492
1 459 230537421 161 327
1 92 641276639 168 250
1 237 191433207 14 49
2 202 255
1 455 559174100 269 405
1 6 955549421 316 456
1 31 726747189 166 451
2 285 336
2 292 489
1 23 638419964 220 390
2 41 59
2 212 395
2 8 132
1 421 460732505 272 312
2 37 464
2 101 372
2 154 377
1 324 235959351 217 492
2 216 496
2 204 221
1 354 314219173 102 410
2 144 439
1 241 819417872 278 444
2 30 243
1 86 411992433 109 474
2 60 424
2 199 312
2 250 451
1 395 731557197 2 363
1 93 71003415 206 217
1 44 888893331 106 287
1 103 117645752 97 136
1 73 704563879 278 374
2 306 478
1 103 427812392 334 407
2 158 352
2 243 333
1 89 601202015 284 309
2 54 98
1 465 76044012 118 179
2 164 298
2 45 238
1 489 317217848 351 413
1 8 207491490 19 376
2 5 358
2 282 303
1 416 755742518 222 255
1 81 125869506 152 377
2 122 482
2 100 264
1 29 644376861 57 185
2 444 470
1 184 786502615 56 223
2 57 371
2 79 320
2 427 455
2 109 229
2 99 301
2 235 279
2 34 165
2 21 97
1 39 356133620 126 349
1 376 575930796 201 233
2 283 431
2 183 205
2 71 213
2 63 298
2 157 464
2 58 179
2 221 493
1 483 884500217 210 466
2 118 120
2 142 176
1 176 545767810 200 394
1 371 687095755 202 475
2 337 427
1 294 393539356 231 332
1 85 89902036 24 120
2 6 190
1 383 55083334 202 292
1 449 138460728 178 208
1 459 358124862 128 377
1 56 281361355 395 414
1 388 916223387 185 269
1 342 78767669 225 445
1 239 207654536 115 169
2 258 408
1 109 727767333 35 72
2 49 418
1 49 286658515 105 159
2 204 372
2 176 368
2 231 412
2 64 358
1 164 813054985 20 382
1 260 621946202 108 188
1 96 264723738 180 296
1 394 169156326 45 481
1 64 812559279 53 292
1 464 523257525 237 296
2 72 193
1 69 301077123 43 246
1 254 888651332 137 478
1 475 441227720 42 321
2 219 289
1 404 250624731 153 497
2 141 181
2 25 221
2 86 194
2 118 389
1 264 343118416 12 451
2 130 171
1 59 592570072 317 338
1 239 199204419 159 469
2 257 285
1 32 853929820 1 257
1 360 289209285 387 429
2 143 157
1 350 711171878 89 409
1 427 790209613 97 217
1 150 881565804 138 475
2 64 124
1 485 939789058 391 480
1 27 824817628 431 440
1 13 232092500 97 145
2 64 496
2 157 188
2 134 484
1 431 37005715 289 423
1 230 629332927 146 200
2 50 358
1 303 815859595 64 385
1 417 264370935 149 415
1 229 974752414 210 336
1 129 671065809 226 462
1 146 305133455 109 485
1 198 920376452 204 319
2 146 179
2 224 403
2 264 495
2 4 439
2 303 491
2 199 425
2 126 242
1 279 523006535 89 450
1 388 613099967 257 478
1 216 790161384 202 291
2 84 423
2 58 81
1 20 199383142 74 194
2 306 316
1 167 213462777 8 304
1 334 110672554 16 475
2 132 299
1 378 522118671 202 254
2 146 468
1 78 200646709 24 87
2 390 490
1 21 263575400 47 235
2 143 170
2 66 278
2 15 235
1 197 258415380 10 308
1 123 713823504 128 420
1 17 455188717 78 217
1 343 446591572 405 484
2 438 441
1 117 970970412 113 115
1 153 768671320 26 32
1 231 38752288 51 125
2 96 213
1 357 817960735 145 242
1 293 857781427 46 78
2 326 418
1 38 470788236 276 330
2 176 227
1 261 214478419 86 335
1 284 842686933 149 485
1 356 487258009 405 493
1 62 358835288 35 329
2 173 479
1 158 628481946 73 407
1 6 480817065 41 187
1 104 644406302 74 96
1 443 415954307 455 466
2 224 334
2 302 457
1 197 293485116 14 402
1 331 9453612 62 338
2 129 161
1 149 305116963 128 403
1 374 332570070 143 207
2 244 409
1 466 127436758 415 470
1 413 43256017 132 296
1 100 732511362 228 457
1 341 279398840 36 192
2 123 235
2 78 233
2 262 271
1 24 451774779 73 109
1 79 835701544 250 330
2 85 227
2 32 382
1 486 483539741 243 460
1 169 952991159 116 428
2 120 126
1 232 165302244 365 467
2 105 470
2 16 316
1 377 258788867 318 490
1 141 519725617 34 37
1 211 480057298 461 488
1 491 241186036 354 414
1 160 242349957 335 337
2 173 349
2 165 396
1 478 342127947 22 303
1 113 442355203 35 42
1 414 206450471 100 327
2 321 414
2 51 124
2 177 221
1 201 302394190 445 474
1 307 109096359 208 295
1 73 437725768 11 107
1 76 531124741 110 392
1 19 393271756 159 238
1 152 939420740 51 186
2 106 360
2 286 430
2 64 270
1 427 374649106 35 135
2 382 452
1 464 570486403 244 413
1 102 852096772 131 186
1 424 460735514 133 203
2 439 487
2 151 437
2 60 466
2 41 154
1 288 752345642 84 198
2 136 269
2 172 301
2 1 493
2 124 229
2 304 441
1 418 674051990 270 439
2 48 323
2 19 310
2 85 167
2 325 455
1 107 579069766 425 472
1 281 277591398 235 259
2 329 442
2 420 496
2 280 496
1 112 143413262 133 243
1 434 639112454 38 468
1 192 800563086 161 492
1 419 683742967 165 399
2 133 250
1 123 35244008 34 430
2 182 455
1 74 244360324 254 423
2 71 463
2 101 284
1 396 710290697 165 329
1 486 55554526 14 222
2 161 402
1 143 857406517 100 468
2 225 328
1 97 293577233 157 217
2 157 446
2 338 453
2 469 496
2 312 434
2 237 300
1 271 150388461 294 486
1 380 373191567 8 24
2 150 256
2 475 486
2 196 201
1 37 450587848 158 408
2 97 341
2 63 294
1 169 816433853 358 467
1 108 174333549 305 489
1 52 987578755 53 150
1 392 81584239 156 477
2 47 205
2 152 458
2 21 122
1 2 59468119 103 193
2 116 324
1 89 854202101 250 398
1 342 942474842 227 371
2 278 437
1 432 839284796 65 68
1 89 586994280 271 458
1 375 508377042 291 486
1 494 745074693 94 318
2 163 383
1 265 165907290 18 399
1 173 743075148 183 217
1 485 158943131 83 203
2 161 272
1 263 738679905 423 482
1 358 806092859 106 127
2 369 480
1 433 125967735 21 126
1 454 922353977 98 476
1 95 30809620 118 458
2 53 435
2 315 383
1 308 822843806 228 402
2 27 320
1 359 2122166 58 129
2 301 405
1 491 435640495 285 471
1 25 302788084 121 221
2 283 457
2 233 239
1 234 42116804 57 86
1 16 967683167 94 464
1 440 695619848 258 388
1 364 532528310 14 215
2 279 346
2 104 177
1 476 368776872 96 150
2 205 480
1 142 367889241 144 277
2 90 428
1 287 175577681 157 351
1 317 116351819 174 347
1 261 801401315 156 197
1 43 901742300 146 161
2 88 284
2 301 352
2 26 309
1 355 21095347 15 110
2 407 418
1 448 281352432 280 316
1 263 523766521 172 291
1 334 561663672 330 480
2 261 279
2 211 328
1 322 751334645 271 378
2 135 241
1 329 326899715 279 324
1 421 568008231 149 171
2 45 227
1 313 289530924 218 469
1 430 172406159 32 366
2 239 453
1 72 466999171 40 70
1 432 616341442 204 222
1 497 414585631 45 203
2 288 326
1 424 291525640 25 157
2 215 378
1 78 431111137 8 166
1 389 451187041 84 445
2 193 253
1 266 824572241 6 393
2 338 342
1 427 90908801 132 479
2 83 244
2 203 282
1 13 416218463 160 439
2 415 456
1 186 944431488 244 496
1 197 26181879 21 157
1 130 795620421 137 221
1 42 465370831 342 378
1 461 826416318 16 459
2 23 122
2 95 159
1 179 8139108 46 138
2 100 335
2 128 165
1 27 897782900 2 354
1 319 72646963 176 360
1 402 703837744 268 473
2 234 424
2 261 463
1 278 902773022 119 273
1 378 42780981 431 446
1 31 446044171 82 141
1 323 17912555 236 296
1 299 74946935 103 132
2 251 341
2 222 486
2 180 334
2 0 171
1 494 277933664 11 192
1 122 61718332 204 472
1 348 332534330 201 275
2 97 407
1 236 551433857 15 245
1 73 171365134 28 430
2 232 460
2 30 474
2 137 423
2 321 403
2 27 221
2 337 460
2 234 345
2 103 122
1 394 265292856 221 294
2 118 152
2 42 127
1 189 32135774 114 310
1 323 834547934 272 314
2 323 440
1 423 870251422 70 161
1 437 755323459 385 471
2 258 310
2 83 223
2 253 436
1 448 177244496 65 178
1 148 192013775 60 203
2 30 309
1 303 664816433 107 344
1 316 366994235 159 299
2 157 199
2 79 400
1 224 562191549 163 171
2 78 415
2 61 103
2 460 475
2 198 260
2 226 280
2 307 393
1 238 391556446 149 174
2 91 439
1 266 252806269 119 484
2 459 499
1 118 782723793 67 254
2 85 391
1 11 274633665 114 454
1 42 892151854 230 302
1 69 843761950 12 418
2 386 441
1 432 677582454 85 94
1 250 161477393 174 369
2 478 493
2 39 462
1 121 428745510 79 411
2 98 117
2 103 408
2 39 43
1 298 524852618 9 15
2 101 435
2 14 362
1 38 89669392 54 218
1 473 138015126 181 362
2 398 409
1 339 557437585 69 259
1 358 190071263 355 494
2 185 271
1 435 245188061 116 341
2 138 454
1 255 638079324 35 339
2 82 451
2 286 319
1 33 538483995 184 297
2 43 455
2 44 342
1 241 918468377 71 105
1 203 726270913 189 433
1 467 619467613 394 445
2 340 487
1 208 627970121 238 367
2 357 439
2 157 277
2 438 485
2 8 345
1 243 848182640 138 435
2 52 243
1 162 491637706 104 476
2 314 363
2 93 292
1 279 836624524 115 323
2 23 347
2 256 269
1 412 15473301 110 243
1 257 547427693 56 184
2 246 439
2 136 487
1 192 979071539 235 305
2 385 460
1 443 820300120 142 315
2 304 391
1 370 771896340 437 451
1 199 69243395 295 382
2 28 318
2 110 305
2 163 197
1 152 447501912 418 456
2 239 268
1 233 403012001 99 467
2 255 283
1 151 519665489 177 479
1 42 537818905 144 364
2 68 97
2 113 437
2 18 27
1 385 120382443 188 390
1 142 91880351 311 495
2 100 478
2 218 457
2 187 247
2 5 123
2 107 272
2 35 480
2 142 427
2 350 387
2 297 327
1 398 257930281 15 339
2 218 400
2 27 354
2 29 208
2 119 417
1 370 745344927 63 251
2 314 334
1 484 446056664 295 472
2 301 494
1 73 834676448 133 171
1 435 494590260 77 134
1 451 203338606 183 351
2 13 284
1 248 244544009 215 384
2 55 188
1 7 657056384 252 423
2 223 307
2 36 467
1 186 20883797 38 146
1 358 538783749 60 415
2 50 121
1 87 417037446 179 267
2 89 244
2 59 193
2 217 348
2 49 202
1 251 222645350 45 135
1 100 822250659 69 426
1 27 180861566 52 401
2 21 180
1 140 586978686 464 491
2 185 307
2 286 346
2 39 424
2 178 360
1 453 679245733 1 490
1 385 553367973 119 312
1 444 62704961 171 239
2 230 380
1 177 445476824 77 348
1 71 114153294 25 257
1 110 833406379 83 451
1 98 395066291 126 199
1 303 511529741 153 364
2 169 274
1 403 223946081 120 170
2 141 463
2 135 481
2 333 477
2 10 62
1 78 768967515 83 231
1 143 836840625 188 205
2 183 307
2 13 412
1 309 524979884 53 296
1 278 385098168 420 497
1 5 983272946 89 262
2 3 11
1 348 11039430 20 478
1 457 354382429 433 483
2 313 360
1 14 362262898 179 208
2 330 414
1 352 407859671 242 361
2 105 392
2 292 312
2 30 35
1 232 162868758 69 69
1 312 831781648 214 358
1 162 404207979 231 253
2 291 390
2 234 386
2 309 370
2 412 426
1 30 84967985 11 119
2 171 300
1 382 459161969 279 355
1 373 707126690 138 366
2 80 253
1 391 691287164 62 474
2 70 286
2 146 476
2 223 494
2 167 494
2 396 408
1 258 897660605 40 233
1 160 32243095 450 470
1 207 864472876 340 406
2 12 165
1 315 913746660 115 216
2 181 479
2 61 279
1 427 157654390 163 343
2 259 420
2 322 458
1 143 207771140 6 79
2 182 483
1 184 603526191 25 219
1 20 675055717 143 455
1 57 85287084 109 286
2 371 406
2 114 408
1 14 507292314 171 303
2 19 277
1 34 947999996 137 364
1 482 917711898 342 483
2 66 201
2 77 109
2 373 423
2 240 370
2 149 235
2 89 436
1 49 929224033 464 492
2 161 363
1 130 13768761 241 339
2 154 444
2 167 205
2 284 437
1 194 215102169 94 117
1 467 604161231 141 204
1 350 32956116 106 381
1 33 13833500 52 360
2 272 485
2 374 415
2 136 342
1 80 499571278 31 459
2 320 327
1 103 165158605 75 189
2 58 111
1 488 584769918 440 446
1 488 108658246 333 365
2 58 496
1 463 83627650 290 394
2 214 254
1 97 327719882 320 352
1 57 296287805 366 415
2 146 200
2 8 267
1 32 701425187 288 352
1 413 952516559 199 205
1 405 732073003 12 347
2 228 453
2 253 291
2 104 243
1 321 356832880 195 286
1 95 324601986 27 463
2 358 387
1 273 218750067 51 359
1 43 293165509 217 249
1 130 820242030 21 108
1 145 682310938 340 485
1 289 480150012 210 356
2 63 239
1 465 521752348 52 62
1 200 554816121 234 276
1 207 902607960 216 293
1 446 36367435 212 264
1 480 966341224 58 373
2 300 351
2 67 103
2 312 391
2 398 483
1 316 517120519 237 291
2 136 321
1 178 895529258 359 483
2 51 387
2 318 337
1 447 138453286 66 118
2 300 364
2 65 68
1 286 227200780 207 243
1 192 245560824 130 254
2 46 322
2 106 274
1 123 644388744 449 477
2 173 428
1 377 144868976 113 140
1 321 788555505 115 290
2 198 326
1 338 216108839 75 113
2 406 460
1 230 886864315 320 348
1 437 299022719 208 414
1 329 523270891 257 260
1 165 286581507 12 84
1 499 658174109 25 211
1 215 277370849 8 397
1 5 847724611 110 370
1 488 333641997 86 273
1 47 11867099 191 218
2 463 492
1 26 299705637 125 415
1 365 816468167 21 462
1 107 934611040 344 388
2 73 91
2 66 287
2 369 433
1 311 107076141 373 387
1 482 237627546 465 467
2 420 468
2 32 476
1 265 899626749 78 135
1 328 100012138 301 382
2 77 211
1 306 247115196 207 378
2 324 393
1 461 580895476 4 149
1 72 539423892 5 454
2 347 417
2 17 214
1 287 972907917 50 272
1 471 384424971 89 376
2 354 471
1 464 258406800 50 366
2 174 408
1 40 80840381 168 320
1 458 884792964 438 467
1 327 944379579 166 339
2 216 487
2 216 369
1 496 533954603 121 268
1 499 868930335 168 469
1 465 102020036 229 483
2 298 391
1 116 958607211 6 323
2 318 331
1 306 511002073 261 297
2 41 96
1 226 499089104 173 371
2 147 234
2 245 429
1 318 443372145 34 396
2 126 373
1 342 282304385 250 425
2 72 226
1 257 517480125 76 423
1 55 303964828 68 433
2 323 376
2 233 353
2 126 421
2 25 210
2 275 481
2 378 379
1 104 135877672 47 453
1 312 195040732 13 446
2 234 417
2 214 438
1 340 802455303 134 443
2 222 331
2 210 211
1 263 274376668 234 428
2 141 342
1 265 149138577 365 464
2 3 480
1 385 112828901 200 277
1 202 788559667 156 321
1 482 827603808 194 395
1 368 584183769 75 445
1 80 716711061 77 460
1 12 278394128 38 68
2 161 220
1 369 282614504 103 458
2 130 203
1 496 149421920 209 475
1 443 733604521 304 354
2 270 341
2 13 252
2 23 126
2 72 220
2 228 338
2 106 115
1 418 656561776 10 32
2 247 499
2 31 301
2 42 393
1 470 664538793 419 447
2 8 253
1 115 34615683 138 169
1 297 856969577 93 146
1 366 885760413 302 355
2 364 370
1 235 784528961 115 156
2 167 429
2 140 449
2 164 350
2 25 456
2 161 179
2 105 280
2 94 236
2 315 417
2 327 436
2 256 443
1 66 281841645 178 210
1 8 236705549 241 309
2 237 406
2 412 456
1 146 93259896 293 489
1 253 534635546 101 166
1 58 785359467 159 484
2 118 147
2 380 437
2 274 484
1 82 845909440 278 310
1 109 983095476 340 448
1 144 992373534 5 163
1 441 13813352 209 442
1 301 126422118 34 411
2 153 318
1 487 709113813 160 243
1 118 513387181 4 446
2 168 494
1 310 588749775 364 464
2 232 398
2 460 491
1 416 566910276 279 286
2 154 334
2 4 324
2 308 483
2 350 402
2 181 345
2 44 494
2 389 450
2 310 339
2 178 304
2 178 432
2 143 436
1 22 154419942 341 382
1 133 600702308 225 494
2 73 305
2 210 417
2 122 474
2 12 227
2 303 459
1 381 436821057 74 309
1 248 843556138 349 450
1 315 691624265 231 390
1 6 641176895 105 208
1 116 142874469 291 482
1 225 370107920 43 110
2 385 402
2 312 383
2 309 367
1 8 531167620 8 308
1 133 843439648 115 156
1 47 430924246 223 325
2 41 428
2 190 407
1 3 187336183 136 162
2 248 464
2 179 304
1 256 650294393 351 388
1 38 139265492 101 346
1 436 363389988 143 243
1 93 968560889 68 362
1 394 201541026 129 306
2 130 221
2 136 369
2 230 284
1 392 344065914 398 479
1 472 103638293 231 497
1 270 861622190 194 479
2 93 243
2 173 351
2 12 188
1 343 883313802 31 167
2 68 235
2 265 461
1 236 139485975 261 402
2 152 325
1 119 748228678 87 251
2 305 414
2 170 241
1 481 94002780 326 352
1 453 80143286 264 369
1 412 534554397 49 198
1 230 420654869 236 259
2 279 363
1 380 828574 60 305
1 127 398587448 250 411
1 181 535354284 80 142
1 267 879861060 55 182
2 255 351
1 128 923416893 10 437
1 221 561889626 187 399
2 141 433
2 177 433
1 394 200752700 86 196
2 191 461
1 219 491389178 17 286
2 158 484
1 48 56944032 307 389
1 458 764646431 405 496
1 317 230551682 126 429
2 120 158
1 320 417420310 133 466
2 0 381
1 113 375798010 104 237
1 63 779513152 360 371
1 117 665513628 324 356
1 492 731652256 205 467
1 35 74973238 326 342
2 89 104
2 110 225
1 78 695173572 39 308
2 318 479
1 413 107078708 132 413
2 165 217
1 184 970692742 151 159
2 326 435
1 418 14283961 406 430
1 145 23341610 77 345
2 194 421
1 26 141242046 11 351
1 7 594869371 127 434
1 330 947273852 73 80
2 152 383
2 444 493
1 312 264169299 70 321
1 430 10997946 208 244
2 4 228
1 113 976333878 67 255
2 136 408
2 180 350
2 254 384
1 52 295991411 161 283
2 115 285
2 119 258
2 283 385
2 319 341
2 228 269
2 137 404
2 44 436
2 177 343
1 51 902882128 309 352
2 102 369
1 196 972661450 33 357
1 396 556193215 354 402
2 29 326
2 23 334
2 211 443
1 54 556037652 92 363
2 364 481
2 294 456
2 324 463
2 17 123
2 106 306
2 26 423
1 254 896782051 403 428
2 269 339
1 178 266379667 496 496
1 154 702162256 291 335
1 176 449210311 361 416
1 218 266953573 335 369
1 46 894181570 227 450
1 193 589545808 117 363
1 385 66236659 370 421
2 84 127
2 86 188
2 286 357
1 372 754964133 348 459
2 345 411
1 173 300372090 152 265
2 45 337
2 74 187
1 184 663978532 392 408
2 102 219
2 44 111
2 22 427
1 488 173934302 188 365
1 454 968107876 21 138
2 169 179
2 200 436
1 96 776866367 346 457
2 68 249
1 418 311909692 409 453
2 65 170
2 260 436
2 124 374
1 132 573566946 431 492
2 69 191
2 333 356
2 214 291
2 100 409
2 283 306
1 379 699890343 26 225
1 39 6650338 286 329
2 21 471
1 328 8335071 237 336
1 378 119637223 162 473
1 80 225605529 148 389
1 390 988237547 123 415
2 157 402
2 40 238
1 439 365774519 432 463
2 3 473
1 50 12560946 175 480
2 44 294
2 65 193
1 465 679575205 160 178
1 13 178229189 110 219
1 182 747872876 35 219
1 331 27090944 328 447
2 223 462
1 140 879599526 201 300
1 218 268813253 124 315
2 130 202
2 132 288
2 107 190
2 330 357
2 38 127
1 435 144653109 264 371
2 61 386
1 233 229131274 195 286
2 87 95
2 86 477
1 183 130487426 38 190
1 393 310534916 20 39
1 294 49958027 4 257
1 319 541393467 13 185
2 189 417
2 102 105
2 333 416
2 57 161
2 10 28
1 68 343153206 114 373
1 68 538008266 442 446
1 345 192316857 268 341
1 344 140416934 322 490
2 168 382
2 61 120
2 58 93
2 145 467
2 95 446
2 18 57
1 293 49068314 313 373
1 17 43666429 56 363
1 83 129449224 115 286
1 169 109049305 295 413
2 95 207
1 89 297274691 199 252
2 30 87
2 55 214
1 289 401964372 83 456
2 174 463
2 230 276
2 102 417
1 8 603324159 59 100
1 474 43202572 77 183
1 208 567122924 132 371
2 118 360
1 57 57940258 134 278
2 252 284
2 277 336
1 392 113896910 334 475
2 432 492
2 26 344
1 166 259957084 407 437
1 117 679958374 53 88
1 249 341495841 51 464
2 94 289
2 388 433
2 168 443
2 275 362
2 173 302
2 293 375
1 440 938219216 130 352
2 198 256
2 249 453
1 368 238421510 79 474
2 184 457
2 29 247
2 229 443
1 239 947750368 241 485
1 389 39814021 131 177
1 134 766356521 13 157
1 474 458694407 175 270
1 198 101656489 15 97
1 15 418758024 190 430
1 299 346759587 61 194
1 460 879188443 231 424
1 144 204920160 370 451
1 163 563063304 148 425
2 302 386
2 188 375
2 82 256
1 34 906976167 24 339
2 256 269
2 116 227
2 34 105
1 234 734885794 186 232
1 355 128254730 7 169
2 124 348
1 65 953586634 74 112
2 218 390
1 43 351794332 39 417
2 371 401
1 241 998546206 7 203
2 172 220
2 33 361
1 276 872078670 317 375
2 439 447
2 193 228
1 8 957781618 458 484
1 371 3461715 228 231
1 467 17305311 341 418
2 121 169
2 102 249
1 186 390751806 135 390
2 92 105
1 341 54248593 326 395
2 67 431
1 328 977886012 219 401
1 332 45819499 138 431
1 225 424183694 50 365
2 110 401
2 119 475
1 142 892420234 105 381
2 164 466
1 266 440338274 180 300
1 206 916676673 64 126
2 152 336
2 291 389
2 25 71
1 308 120462058 11 133
1 369 4036616 132 201
2 183 282
2 116 175
1 46 51816577 13 296
1 289 113195444 136 325
1 54 782977267 242 470
2 254 462
2 150 430
2 274 400
2 134 290
2 435 440
1 104 336936403 461 483
1 72 802152347 68 349
2 287 411
2 60 383
1 163 832656009 217 333
2 159 281
1 80 794937402 51 456
1 363 992718947 224 348
1 275 149522740 153 265
2 13 202
1 225 604738406 55 134
2 470 493
2 245 381
2 154 405
1 166 890387481 281 398
2 104 461
1 102 829215095 353 468
2 157 429
2 100 384
2 123 235
1 4 536274512 93 240
1 465 248122536 72 428
2 51 275
2 291 455
2 325 449
1 385 464763339 288 442
1 84 633284026 173 208
2 48 429
2 46 261
2 243 310
1 252 308612823 6 374
1 94 115624874 51 426
1 245 274754008 228 420
1 71 153563131 124 362
2 162 449
1 228 346051015 166 397
2 129 496
2 64 116
1 128 296929304 252 374
2 135 445
2 6 431
1 6 678385230 92 160
1 348 496719253 189 385
2 257 355
2 402 438
2 34 113
2 439 454
2 187 380
1 449 911029986 84 212
2 303 307
2 11 219
1 253 656538126 50 424
2 404 450
1 336 634108104 0 216
1 32 189604086 10 339
2 43 212
1 40 519685110 317 443
1 255 712946519 16 461
2 264 359
1 331 313011452 319 440
1 395 836834061 264 364
1 215 396158540 14 55
2 108 367
2 1 310
2 22 362
1 489 13551042 219 331
1 116 121093389 137 251
2 61 398
1 19 6176357 48 56
2 275 342
1 372 540130770 52 406
1 244 657095422 41 48
2 140 164
1 105 675247462 350 459
1 426 765153874 251 256
1 36 810228730 52 180
2 168 265
1 24 970534248 222 425
2 197 302
1 327 353762539 189 331
2 237 248
2 291 384
1 319 679848179 154 185
1 499 577671173 248 262
2 198 317
2 210 331
1 89 895937952 391 488
2 201 476
2 135 464
1 491 192404628 117 271
1 375 655235685 126 486
1 148 91796380 292 411
2 273 417
2 327 390
1 47 562398269 121 363
2 251 283
1 77 316292493 122 226
2 35 465
1 145 206858478 202 455
2 198 400
1 95 812823854 133 138
2 112 272
1 223 60473765 21 245
1 298 358952548 372 469
2 169 486
2 25 334
2 29 381
1 303 594611015 194 221
1 434 392139224 44 281
2 55 480
1 68 974767586 168 309
2 149 285
1 109 691640070 158 429
1 296 21173253 141 377
2 348 494
1 223 324000109 59 318
2 290 400
2 1 296
2 113 428
1 89 728511534 171 239
2 161 257
2 336 440
1 78 381216097 220 460
1 182 807096639 158 426
2 25 189
1 180 586883925 129 446
1 70 795116993 49 245
2 8 122
2 318 346
2 72 350
2 201 368
2 73 279
1 182 678422704 372 466
1 491 531979564 230 385
2 16 486
1 80 297514680 144 327
2 54 314
2 201 472
2 62 175
1 116 334140445 214 396
2 257 354
1 295 96073418 230 484
2 233 467
2 15 407
2 144 192
2 196 363
2 178 239
1 427 551831671 114 278
2 136 187
1 388 582309945 132 243
1 338 450279256 318 439
1 285 808751329 128 133
2 93 371
2 248 450
2 89 250
1 230 118359440 172 468
2 378 493
2 7 33
2 88 244
2 284 448
2 15 270
2 84 354
2 405 434
1 388 860210085 193 248
1 26 246700726 43 83
2 56 247
2 437 486
2 67 166
1 226 211636566 67 202
1 396 721078094 121 483
1 498 562057470 331 445
2 213 366
1 88 142445650 18 295
1 117 412610329 171 399
2 185 484
1 475 154437523 45 473
1 95 101163542 345 455
1 238 195469468 299 366
1 89 155309739 268 495
2 301 470
1 411 786006590 373 390
1 320 61780336 114 419
1 145 685276381 38 43
1 338 326218062 123 493
1 358 98706639 58 359
1 392 150369739 69 258
1 434 863260746 144 244
2 98 238
1 410 83881552 264 380
1 276 104605929 46 263
1 441 160474338 142 310
2 456 465
2 145 170
1 97 657868658 179 327
2 33 114
1 498 39308696 231 453
2 70 272
1 379 432541523 232 258
1 283 248269095 374 479
1 276 790341572 96 428
2 275 388
2 78 158
2 120 207
2 167 490
2 57 120
2 151 232
1 160 19265279 347 490
2 375 408
2 119 335
1 226 90661394 275 447
1 56 270505734 203 255
2 89 235
2 158 261
2 121 136
2 89 329
1 481 996045696 60 140
2 88 119
1 163 268429473 78 204
1 332 886801000 70 310
1 191 321941951 11 271
1 367 52009324 109 487
2 202 262
2 21 384
1 290 780856659 149 243
2 178 401
1 131 535532734 42 46
2 74 108
1 122 322348831 247 488
1 433 232047629 74 403
2 313 437
2 112 222
2 99 306
2 399 485
1 491 21078958 136 493
1 271 117418544 135 224
2 39 304
1 17 854073864 119 387
1 288 209822981 15 265
2 137 179
2 50 433
1 91 711915414 194 215
2 203 492
2 31 427
1 461 234033036 194 228
1 452 259482366 341 358
1 239 339388382 41 355
1 147 467469196 153 287
1 469 700061661 362 393
1 63 332668890 29 412
1 222 83342648 14 140
1 420 347467489 193 494
1 437 172554588 91 214
1 290 397903336 140 365
1 28 775024460 25 291
2 335 499
1 322 915744784 387 396
2 230 281
2 129 146
1 91 621731655 373 377
2 95 393
2 209 245
2 98 161
1 259 755862065 43 485
2 221 272
2 259 355
2 198 430
1 333 158629792 80 499
1 132 990819274 53 179
1 439 517268529 58 408
2 170 372
1 141 555092125 149 432
2 44 109
1 140 172348580 169 424
2 118 285
2 7 284
1 231 616619549 264 420
2 28 159
1 24 16815888 300 485
1 300 462131892 30 225
1 321 256892846 81 322
1 242 215444111 283 445
1 111 913049524 324 456
1 200 53675263 10 218
2 49 173
1 342 680519469 142 216
2 176 191
2 81 84
2 172 288
2 64 324
1 433 654155490 53 121
2 279 469
2 253 264
2 219 360
2 48 204
2 99 130
2 73 206
2 81 323
1 407 676808300 125 429
2 169 366
2 219 225
2 193 454
1 300 554957556 114 491
1 473 301275005 340 416
1 433 567880215 275 297
1 68 669581245 216 407
2 80 428
2 332 361
1 374 926287561 94 342
1 429 159534229 72 187
2 368 421
2 183 307
1 261 128555521 272 487
2 249 251
2 24 27
1 499 668610174 150 212
1 230 358223711 149 472
1 205 274494595 146 394
2 166 492
1 442 58269015 36 454
1 484 489241165 482 484
2 280 316
1 411 152523007 2 78
1 333 36060330 242 332
1 331 154742364 99 105
1 190 292076644 25 479
2 350 461
1 366 248566773 116 217
2 341 493
1 230 933226698 93 144
2 19 56
2 82 362
2 256 302
1 361 830839474 219 434
1 99 285827526 178 215
2 117 189
2 304 326
1 138 80686599 2 219
1 379 291047970 239 375
2 147 280
1 466 718817504 174 265
1 460 351901010 106 136
2 173 311
2 37 210
2 201 221
1 54 497272319 117 429
1 343 790258983 33 177
2 183 403
1 172 680379771 116 174
1 23 944288041 279 477
2 142 303
2 70 270
1 458 875364111 356 364
2 275 425
1 96 40804499 96 472
2 344 349
2 232 398
2 285 375
1 324 459725948 24 298
1 385 336910414 21 354
1 18 776764761 257 380
2 243 289
1 373 985139142 319 446
2 148 365
2 0 212
2 174 321
1 1 586975550 310 491
1 437 183582655 58 448
1 58 297290128 27 439
1 325 182398061 222 261
2 35 174
2 137 496
2 150 395
1 61 999343579 336 368
2 221 394
1 303 81239873 323 360
1 235 919191264 57 212
2 103 115
2 330 400
1 466 967672334 308 440
1 207 122924539 166 423
2 122 174
1 491 243865075 42 197
1 366 210743594 185 197
2 47 170
1 369 929387181 10 325
1 131 556925846 241 250
1 286 31385679 103 331
1 205 431475884 9 78
1 468 47794290 20 393
1 84 697725520 205 314
1 31 649886828 155 494
1 262 60238204 33 417
2 332 434
2 37 74
1 3 920713741 207 366
1 466 376082177 425 451
2 425 427
2 33 95
2 2 254
1 383 137221357 288 490
2 148 451
2 32 400
2 121 358
2 128 131
1 102 33821240 278 489
1 88 796503345 16 444
1 210 933959619 314 363
2 329 433
1 260 109790178 187 247
1 285 739804255 14 411
1 156 495723556 121 379
2 453 482
1 341 475556718 253 375
1 42 851012613 73 124
2 78 367
1 481 961096104 147 297
2 197 201
1 429 216830443 249 346
1 126 226797176 48 83
2 49 456
1 443 85734617 52 209
1 347 149398098 6 447
1 407 118485117 99 263
2 135 344
1 57 755450968 325 360
2 86 314
1 346 616045138 251 281
1 447 727267141 290 459
2 43 208
1 397 114504852 252 360
1 326 247841400 119 135
2 342 343
2 162 350
2 109 113
1 260 896005738 55 288
2 220 319
2 141 182
1 312 390653719 263 308
2 233 479
1 427 162687879 116 198
1 62 410770968 249 382
2 2 144
2 127 264
2 11 23
1 277 728712968 385 452
1 152 848190243 49 272
2 127 396
2 98 478
2 165 347
2 110 459
2 281 451
1 33 708638559 104 109
1 77 302812126 11 427
1 185 170881266 279 481
2 370 441
2 16 71
2 32 256
1 165 851468384 101 331
2 137 390
2 19 204
2 139 479
1 468 991518397 161 163
2 151 479
1 16 707335291 283 415
1 4 348154524 216 302
1 321 384422036 184 428
2 359 460
1 95 568778691 18 468
1 424 650950830 276 479
1 74 997411230 160 171
1 417 31005182 226 354
2 314 384
2 121 477
2 193 298
1 40 54822462 0 490
1 432 737004350 10 238
2 48 439
1 124 580017330 69 342
1 483 747000505 187 289
2 175 364
2 0 177
2 266 292
2 27 393
2 9 130
1 156 94293960 227 443
1 28 544413480 112 276
1 88 734482851 296 488
2 362 424
2 126 242
1 151 230442527 47 372
1 40 469050912 191 333
2 20 321
1 59 680671551 95 447
2 26 155
2 210 334
1 151 187132952 241 439
2 56 109
1 100 541106884 174 217
2 135 491
1 152 591215704 332 379
2 299 326
2 93 404
2 272 402
1 400 691155493 85 480
2 18 23
1 256 420398230 237 326
1 489 547705736 141 243
2 45 411
1 440 134592481 31 355
1 452 813595119 134 257
2 147 212
2 33 488
2 370 452
1 263 91503545 311 357
1 251 405284786 127 355
1 116 156133582 67 479
1 452 301928031 189 226
2 410 481
1 205 531497977 197 366
1 491 831151951 36 422
2 0 83
2 370 477
1 362 762979337 123 402
2 82 260
1 471 67642677 221 230
1 473 971770095 33 284
2 218 285
2 80 347
2 313 397
2 42 140
2 35 348
2 23 74
1 439 438466737 309 444
1 368 690977271 236 476
1 323 856188853 248 382
1 265 168993268 26 416
2 251 290
2 99 396
1 108 180815579 38 167
2 40 281
1 130 175466772 66 224
2 170 407
1 214 322170923 134 337
1 33 531113814 421 437
2 218 286
1 184 152988919 209 430
2 2 443
1 468 620451929 97 370
2 296 356
1 213 188626513 8 209
2 102 385
1 14 954014272 342 408
2 128 230
2 18 199
1 265 270131180 51 451
2 208 369
1 361 455751343 1 218
1 219 681506535 90 274
1 297 808662994 145 319
1 496 337527670 78 159
1 224 462548605 154 167
2 5 386
1 53 360133158 355 383
2 217 459
1 256 80602201 293 350
1 40 289873152 195 452
2 8 121
1 67 716549849 329 401
1 153 715376527 232 355
2 184 462
2 2 423
1 321 289313274 189 225
2 221 245
2 2 464
2 345 460
2 289 311
2 273 489
1 129 847326460 33 388
2 93 344
1 74 386329055 19 65
1 402 58377054 361 494
2 97 243
1 129 135820330 282 357
1 66 508773430 194 354
2 10 383
2 159 208
2 11 175
2 189 232
2 300 410
1 362 921644256 298 430
2 156 380
1 94 871118798 18 345
2 424 469
1 49 645543610 76 155
1 40 597521889 28 163
1 307 82503749 234 409
1 1 595452946 298 397
2 110 290
2 35 137
1 42 146659562 155 279
2 12 375
1 4 616094389 462 492
1 442 933434475 57 486
1 341 977198946 50 382
2 272 439
2 190 212
2 82 319
1 284 389678923 29 316
1 158 871493727 401 464
2 384 445
2 364 443
2 24 123
2 68 241
2 455 458
2 31 338
2 78 138
1 319 880252398 305 480
2 123 207
2 289 332
1 433 713897580 157 158
1 301 892975333 204 359
1 265 815516461 84 447
1 464 347401072 235 303
2 334 420
2 7 333
1 277 100893895 326 418
1 129 982728206 444 488
2 319 488
1 153 622277526 5 16
1 391 133876946 463 465
2 13 379
1 53 26782216 104 127
2 75 402
1 187 395247984 157 308
2 240 468
2 226 490
2 162 400
1 151 846504863 177 252
1 124 746718186 162 242
2 275 454
1 434 540769082 409 426
2 153 405
2 82 370
2 88 305
2 11 277
2 247 340
1 432 880947994 307 428
2 157 181
1 23 82183089 165 190
1 88 108709468 188 383
2 130 334
2 413 431
1 417 468940654 339 472
2 137 454
2 293 460
1 352 883952074 179 428
2 184 438
1 286 871609377 128 234
2 288 430
2 478 495
2 70 190
1 278 217060846 71 399
2 3 370
1 213 895954015 87 138
2 110 143
2 235 443
1 262 307986243 267 445
1 335 134041009 216 228
1 36 976602351 359 434
2 79 453
1 428 98453721 290 431
2 271 457
2 113 199
2 268 305
2 225 272
2 194 228
2 237 377
2 280 293
1 160 93447081 47 366
2 23 111
1 456 940588368 67 347
1 68 309732779 55 292
2 414 427
2 138 180
2 291 391
2 219 278
1 44 289299613 236 341
2 108 359
2 28 136
1 20 123047560 40 287
2 334 419
1 311 330065850 142 496
2 487 492
1 238 815748593 142 251
1 392 257432293 49 178
1 434 249466893 24 176
2 30 261
2 63 149
1 496 56770866 131 340
2 119 121
2 169 440
1 327 591923769 2 331
1 2 203317373 193 497
2 168 334
1 126 230063959 105 286
2 280 480
2 124 356
2 392 420
1 492 793153138 267 292
2 104 179
1 47 236707698 70 88
2 242 369
1 128 687513178 293 310
2 239 403
2 230 339
1 92 872479753 75 168
1 132 11241163 188 456
2 0 241
2 128 191
2 329 376
1 357 473325334 13 310
2 96 185
2 402 489
1 332 903768567 192 402
2 85 266
1 206 408044260 450 455
1 372 445004785 61 200
2 193 301
1 135 503596252 101 294
2 238 409
1 57 890738461 259 264
1 265 962909382 135 340
1 79 433680244 219 386
2 192 222
2 286 306
1 453 269054144 47 63
1 146 107180715 128 359
2 368 490
1 138 31854824 19 20
2 48 94
2 349 415
2 120 183
1 381 9889138 320 408
2 333 496
1 470 711565354 215 333
1 75 271697953 134 475
2 316 440
1 269 471407342 180 437
2 91 331
1 364 271139595 489 491
2 401 452
2 153 173
1 409 111835562 268 300
2 145 430
1 421 904353338 104 177
2 46 266
1 332 760913435 19 367
2 14 211
2 217 258
1 352 384824743 373 463
1 190 717805187 235 373
2 8 13
2 115 201
1 148 602246067 144 153
2 115 142
2 31 72
2 2 410
2 12 261
1 83 817137509 255 348
1 348 527340097 415 457
1 453 758948646 19 56
1 209 283980659 145 352
1 446 262262196 297 335
1 208 34406601 269 366
1 332 276619613 349 415
1 167 937151629 99 464
1 354 317951084 81 123
2 383 409
1 275 255478089 100 225
1 64 222089209 89 383
2 91 273
2 265 271
2 284 347
1 13 831074638 372 401
2 170 345
2 433 435
2 60 87
1 153 510288951 443 447
1 254 304286320 197 392
2 281 454
2 179 279
1 269 404723907 361 375
2 266 481
1 416 102283283 222 245
1 195 294720999 80 469
1 391 243179414 191 221
2 146 165
2 306 344
1 30 724557330 45 469
2 87 234
2 149 473
1 341 222958807 209 316
1 283 338866923 122 253
2 257 302
1 80 204799033 286 404
2 153 358
1 368 263677769 50 245
2 151 247
1 14 5095137 302 454
2 235 331
2 316 398
2 319 352
2 118 182
1 239 75126451 66 203
2 137 196
1 346 40155563 352 483
2 116 477
1 326 300446172 125 295
2 79 490
2 304 482
1 467 156899306 294 377
1 354 865675453 236 459
2 87 284
1 339 100889267 38 347
1 482 723503337 73 435
2 40 290
1 21 342815633 137 193
1 299 858776419 170 423
1 451 488264297 153 267
2 60 308
2 327 482
2 20 460
1 52 478898868 90 363
2 220 482
1 391 339252527 416 437
1 56 717939216 114 295
2 46 187
2 49 438
2 59 106
1 316 774856518 3 10
1 355 788034940 59 499
1 275 145753348 35 239
2 377 391
1 12 528869028 271 352
2 94 372
1 343 744772497 163 360
2 153 262
2 183 187
1 368 212036352 134 329
1 475 125498923 208 215
2 22 25
1 417 377851898 170 465
1 215 806654611 95 340
2 316 321
1 343 833763984 262 447
2 348 360
2 107 239
1 349 157777516 51 309
1 431 957080905 252 325
1 452 506526394 98 135
1 294 585475268 119 470
1 188 368913852 251 316
1 305 160456069 284 460
2 309 483
1 160 849540414 224 332
2 126 340
2 358 415
1 132 64184472 51 341
1 126 469004332 231 339
2 369 391
2 247 381
2 146 295
1 481 700746598 181 250
2 3 301
2 131 393
1 170 127195569 223 319
1 493 628069635 68 304
2 224 481
2 148 163
1 3 632655515 46 310
1 452 894516950 14 188
1 199 836638177 262 449
2 451 460
2 369 484
2 273 349
2 256 316
2 135 138
2 50 462
2 137 359
1 434 177311447 97 328
2 135 398
2 80 437
2 361 490
2 26 291
1 85 963279140 470 485
2 9 491
1 155 650076986 335 462
1 141 850221142 0 131
2 31 140
1 323 135826087 267 308
2 57 325
2 139 280
1 369 210034336 77 379
2 102 275
2 198 249
2 17 119
2 191 197
2 220 287
1 430 513318525 111 347
1 315 3177028 138 381
2 116 438
1 450 95903204 194 334
2 73 351
2 97 101
2 58 256
2 153 499
2 112 325
2 237 300
2 65 375
1 297 150777024 211 459
2 77 133
2 94 138
1 84 438633631 75 177
2 98 206
1 221 593954400 164 403
1 493 576461386 136 264
1 4 874200735 165 422
2 283 386
1 367 283668507 11 490
1 358 88478342 108 404
2 390 452
2 152 216
2 147 241
1 240 111251836 281 439
1 449 411662810 308 316
2 47 354
1 61 860115735 175 195
2 362 369
1 229 766911850 60 93
1 216 851646409 329 499
2 183 452
2 72 343
1 229 367584720 97 282
2 224 422
1 385 485439710 111 377
2 107 324
2 97 154
2 212 418
1 109 90116229 296 303
2 223 372
2 437 452
2 333 491
2 210 244
2 147 458
1 142 788899510 14 111
2 63 355
1 271 154369632 0 463
1 216 20749610 20 461
1 440 60845127 330 413
2 64 145
1 249 518149958 82 491
1 397 802553623 3 171
2 162 251
2 317 489
2 322 336
2 31 302
1 266 574626485 439 459
1 181 247922212 258 289
2 19 316
1 379 272571510 52 340
2 230 477
1 233 508571964 166 240
2 49 415
1 104 763743663 424 437
1 132 30128430 65 106
2 49 193
2 205 367
2 39 352
2 152 468
2 221 433
2 20 143
