544145443
544145443
-1
-1
1697044166
-1
-1
-1
-1
902972375
1500640574
597668199
383697985
783528677
783528677
1422412022
638883345
-1
-1
-1
-1
-1
-1
-1
-1
-1
-1
1864624173
-1
939481798
2365014347
1987690209
2680377491
3652374396
4591856194
4514612029
4209032196
3283206293
2028361351
1664684187
1866749645
161611706
1262186643
1773395624
1979217821
-1
-1
-1
-1
-1
-1
-1
308991206
-1
353334901
-1
968513608
-1
-1
-1
-1
-1
-1
-1
98016147
608886744
-1
-1
-1
-1
-1
-1
-1
-1
-1
-1
-1
-1
-1
869829137
-1
0
-1
-1
-1
-1
1498370380
-1
-1
305863610
-1
-1
-1
-1
555636593
-1
74207451
-1
-1
-1
-1
-1
962759406
1603838843
1603838843
1967291544
1621866921
3403363536
3695673966
3806062622
4092426886
-1
-1
-1
-1
-1
-1
-1
605007568
708627694
-1
829711903
-1
-1
-1
-1
-1
-1
-1
-1
-1
173701365
-1
-1
-1
-1
-1
-1
-1
-1
-1
-1
-1
-1
-1
-1
-1
-1
-1
-1
-1
-1
-1
-1
-1
364438955
-1
1880381711
2386154943
2386154943
-1
-1
1685513238
2560432299
3179297277
-1
-1
-1
-1
-1
-1
-1
-1
-1
-1
-1
-1
810862073
-1
-1
948750190
-1
-1
-1
-1
-1
-1
-1
-1
-1
-1
-1
-1
-1
-1
-1
-1
274217382
-1
168201757
-1
-1
896260249
-1
-1
-1
601879883
1240491046
-1
-1
-1
-1
-1
-1
655944234
-1
-1
-1
-1
-1
-1
-1
-1
-1
-1
-1
-1
-1
-1
508199610
-1
-1
0
980261182
-1
-1
-1
-1
876832684
-1
-1
1651110441
1647524612
-1
-1
-1
-1
-1
-1
-1
467552721
-1
-1
-1
-1
-1
-1
-1
-1
1631063012
-1
-1
-1
-1
491755551
-1
-1
600741165
1160556797
-1
-1
-1
-1
97673939
161313991
361377770
-1
-1
-1
-1
-1
352298773
-1
343995962
1077597140
-1
-1
-1
-1
-1
-1
-1
-1
60281826
-1
-1
-1
-1
-1
-1
-1
-1
1356874103
-1
-1
-1
-1
-1
-1
-1
-1
2461301965
-1
-1
703707786
-1
-1
-1
-1
-1
994461166
994461166
-1
-1
-1
-1
-1
-1
-1
-1
-1
-1
1378523467
2161590642
-1
-1
-1
297322023
398234612
-1
-1
-1
878205933
-1
-1
-1
1816214604
2043188148
-1
-1
-1
-1
-1
-1
-1
-1
-1
-1
308062818
-1
742406233
85534310
742406233
-1
732599966
-1
364744958
-1
-1
-1
-1
-1
-1
-1
-1
488996411
741482727
-1
-1
-1
-1
-1
-1
624759618
-1
-1
-1
-1
-1
-1
850923821
-1
-1
-1
-1
-1
673274784
-1
-1
-1
-1
-1
-1
-1
-1
-1
-1
239497748
-1
-1
-1
-1
-1
-1
-1
-1
-1
-1
283935882
921156882
-1
-1
-1
-1
-1
-1
-1
-1
747681438
-1
-1
-1
-1
-1
-1
-1
-1
-1
-1
-1
-1
-1
-1
-1
-1
-1
-1
-1
-1
-1
-1
1724191343
-1
2219761972
2219761972
-1
-1
-1
-1
-1
-1
-1
2005972714
2213713893
-1
-1
792221146
-1
-1
769681014
-1
-1
-1
-1
-1
528151970
-1
2014775166
2014775166
1644439580
-1
-1
-1
-1
-1
-1
-1
-1
-1
-1
674337400
1262202518
2206901994
-1
-1
-1
-1
-1
-1
-1
-1
-1
745304874
-1
-1
-1
-1
-1
-1
-1
-1
-1
-1
-1
107319677
-1
-1
1081938418
1202375134
-1
-1
-1
1573159179
1573159179
-1
-1
-1
-1
-1
-1
-1
-1
-1
-1
-1
-1
-1
-1
-1
-1
-1
-1
-1
-1
-1
-1
-1
-1
831792141
-1
175181644
-1
-1
2040473108
2459252041
3162406883
4237360734
3843001470
5706664543
-1
-1
1012602665
-1
-1
-1
-1
-1
-1
-1
-1
-1
1689387842
-1
74007545
-1
-1
-1
-1
577832601
767040218
-1
-1
-1
-1
-1
-1
-1
-1
213355468
-1
-1
-1
-1
-1
-1
254862535
-1
-1
-1
-1
-1
-1
-1
-1
-1
-1
-1
-1
366858797
-1
-1
-1
-1
-1
-1
55708678
-1
-1
639898790
1062534235
930291166
-1
-1
-1
-1
-1
1116446047
1116446047
-1
-1
-1
-1
-1
-1
-1
-1
-1
888795214
-1
1804093057
-1
-1
-1
-1
-1
-1
-1
-1
707383601
-1
-1
-1
-1
-1
-1
572831195
-1
-1
-1
-1
360130945
-1
-1
-1
-1
1536588225
2464359623
-1
-1
282381586
-1
-1
-1
194514210
497283387
348564652
831582103
-1
1797748366
-1
205540001
-1
-1
-1
593406667
694285254
-1
275673423
-1
405771561
-1
-1
-1
65400057
-1
-1
174852513
-1
-1
-1
-1
257576653
-1
-1
914739492
914739492
1277484889
2119406860
-1
-1
629932234
-1
-1
-1
-1
-1
164583014
557072571
1485533094
-1
-1
-1
-1
-1
-1
-1
-1
-1
-1
-1
-1
-1
516614713
-1
-1
-1
889458202
1057010777
-1
-1
-1
-1
-1
-1
-1
-1
-1
-1
-1
-1
-1
804214101
1555317065
2399177860
-1
-1
749453560
-1
418219365
-1
-1
-1
1103999867
-1
-1
-1
1037265883
1446918967
1224806494
2245478151
-1
-1
-1
243721192
-1
1063718189
1986123913
-1
-1
-1
-1
-1
-1
-1
-1
-1
-1
-1
30221619
833034818
1124117081
-1
-1
996906165
-1
-1
-1
93786162
-1
884124400
-1
-1
-1
-1
-1
-1
-1
-1
-1
-1
-1
-1
-1
1914335919
-1
-1
-1
-1
-1
1585457100
-1
992784814
-1
286050381
-1
-1
29131090
-1
999494297
-1
-1
89136537
-1
-1
-1
-1
208397371
-1
-1
1353129139
-1
564437608
616504232
-1
31369353
-1
869373790
-1
1527756865
-1
-1
401898601
-1
345119295
-1
-1
-1
-1
-1
1014259134
1014259134
-1
-1
-1
628754266
1097390516
1478072183
-1
-1
-1
-1
117092596
117092596
-1
-1
-1
466650756
-1
-1
-1
-1
-1
870109877
870109877
-1
-1
-1
-1
-1
-1
395786215
-1
448781008
-1
-1
-1
-1
-1
679399513
-1
-1
103171476
-1
-1
-1
-1
-1
-1
-1
950374450
1591257638
-1
49870460
499388084
-1
-1
-1
-1
-1
-1
258886181
419043927
374273340
-1
-1
-1
-1
-1
-1
-1
-1
112486154
-1
-1
-1
194923215
-1
-1
-1
-1
-1
-1
-1
-1
-1
342972381
-1
-1
-1
-1
-1
-1
540721972
1149785423
-1
-1
-1
-1
-1
-1
-1
-1
-1
-1
812841425
-1
-1
980871796
184063450
-1
-1
-1
-1
-1
-1
763139553
-1
-1
-1
314087344
-1
-1
-1
-1
-1
-1
-1
1262309179
-1
-1
-1
-1
-1
714502527
-1
298720164
-1
-1
175186827
-1
-1
62582730
591960726
-1
-1
-1
205968029
-1
-1
-1
-1
63520061
-1
946937901
-1
958815105
-1
-1
-1
606877247
-1
-1
-1
-1
-1
-1
470108558
-1
-1
-1
-1
816516652
2407824544
2998769180
-1
-1
940012186
940012186
1870603650
2617605247
-1
816415631
1378985986
-1
-1
948115488
-1
-1
-1
-1
329164220
-1
1201817512
-1
-1
-1
-1
-1
0
-1
-1
-1
-1
-1
594714161
-1
933327916
-1
-1
568126976
761673425
-1
0
-1
-1
1095911392
143331297
-1
986157595
-1
-1
-1
-1
-1
1661523538
-1
-1
-1
-1
-1
1831203245
-1
-1
-1
-1
-1
-1
-1
83205472
-1
1260380276
-1
-1
-1
639982636
639982636
-1
-1
681270139
-1
-1
-1
-1
-1
-1
-1
-1
-1
-1
-1
1244415482
1688451302
-1
702748691
1697528606
1697528606
2335209026
-1
-1
-1
-1
-1
-1
-1
210443677
-1
-1
-1
-1
983442971
-1
-1
-1
-1
-1
893421653
-1
-1
508347930
508347930
-1
-1
-1
-1
-1
-1
-1
-1
-1
-1
-1
623227141
-1
-1
-1
-1
-1
-1
-1
605975227
-1
-1
-1
-1
1485209939
-1
-1
-1
-1
-1
532291015
560856701
-1
-1
-1
713640616
954094910
835603486
-1
-1
-1
-1
-1
-1
-1
31878998
-1
-1
-1
-1
-1
543411858
-1
-1
-1
705577226
-1
-1
-1
-1
-1
675262853
644574239
1489130716
-1
-1
-1
-1
-1
149642387
-1
904944538
937474212
980107317
-1
-1
882266324
-1
-1
-1
-1
-1
-1
-1
-1
-1
-1
-1
-1
-1
-1
-1
-1
-1
-1
-1
-1
-1
-1
-1
-1
-1
-1
-1
963336316
2499709464
2771498618
2771498618
-1
-1
-1
-1
-1
-1
-1
949201795
-1
-1
-1
-1
685985337
-1
-1
-1
-1
423388562
-1
-1
-1
-1
561843564
-1
-1
-1
984231786
1102163293
-1
-1
154877616
194758449
412127332
-1
-1
549110979
-1
-1
-1
-1
-1
-1
40546524
452385305
-1
-1
-1
-1
-1
-1
921504756
-1
-1
-1
-1
-1
-1
-1
-1
-1
912519120
-1
459487343
795442667
-1
-1
301178128
-1
706828140
592708874
1586016325
1887194453
2281402453
2719328339
-1
-1
-1
-1
-1
-1
105052160
-1
-1
-1
-1
-1
-1
-1
-1
-1
-1
-1
4438515
-1
-1
-1
-1
-1
-1
-1
-1
-1
-1
-1
-1
324949604
822523725
855277632
-1
2086674745
-1
-1
-1
-1
514234935
-1
-1
-1
-1
-1
-1
-1
-1
187200822
187200822
834551888
-1
214447325
-1
-1
-1
-1
802126273
986053379
-1
216305749
-1
-1
-1
-1
-1
-1
-1
1629116123
1629116123
1608049765
-1
-1
-1
621060152
831058981
-1
-1
827427398
1097022280
1550457097
2092726400
-1
-1
-1
-1
-1
-1
-1
527488723
541152214
-1
-1
404395372
1075517316
-1
-1
-1
-1
1302369368
-1
2650770030
2641198029
-1
-1
-1
-1
-1
-1
-1
-1
462507849
-1
1682523455
2675279678
-1
-1
-1
231824474
-1
-1
491347226
-1
-1
-1
-1
-1
-1
-1
-1
-1
-1
-1
-1
-1
-1
514749660
-1
-1
-1
-1
-1
-1
-1
-1
-1
-1
-1
-1
-1
-1
-1
-1
337138511
-1
-1
-1
-1
-1
1075638041
-1
173857362
-1
1910852669
-1
-1
-1
883801624
-1
-1
-1
-1
-1
-1
-1
-1
96640723
-1
254484120
873671920
-1
-1
-1
33249277
-1
799728784
1855664084
-1
758747420
304137178
1418622356
-1
-1
-1
-1
-1
-1
131125860
-1
-1
-1
-1
-1
-1
-1
-1
-1
28133227
220716238
-1
-1
924927405
-1
-1
141242562
636352206
-1
-1
-1
-1
-1
-1
714285038
842825307
1143510554
1853215676
1853215676
2722297319
-1
-1
-1
-1
-1
-1
-1
-1
100661739
-1
-1
-1
-1
-1
-1
-1
-1
-1
-1
-1
-1
-1
-1
-1
-1
248315504
-1
-1
-1
754693010
-1
-1
-1
-1
-1
-1
-1
-1
-1
407596394
-1
-1
-1
-1
1630866729
1915573845
1630866729
-1
-1
-1
-1
-1
-1
-1
-1
296831472
-1
-1
-1
1063939236
2029108583
-1
274680085
525996990
-1
-1
-1
-1
-1
-1
-1
-1
-1
-1
-1
-1
-1
-1
-1
-1
920457365
-1
-1
673902182
-1
-1
-1
-1
-1
-1
-1
169381846
583261937
812404807
-1
2578700542
-1
440485457
805732805
1435947566
-1
-1
-1
-1
182660128
-1
-1
-1
-1
-1
-1
-1
-1
-1
-1
-1
-1
239241672
-1
652175628
-1
-1
-1
-1
930151149
1732067845
-1
-1
-1
-1
-1
-1
-1
-1
-1
-1
-1
-1
397221956
-1
-1
-1
-1
533034281
-1
1377687279
1822691750
1745236245
2230177570
-1
100198342
-1
876562420
-1
-1
-1
-1
642455217
-1
-1
998188838
-1
-1
522840645
-1
-1
-1
-1
1065154141
-1
-1
386257347
-1
-1
-1
716887400
-1
-1
-1
-1
-1
-1
-1
-1
889801223
1080385483
-1
-1
-1
-1
-1
-1
795187348
-1
-1
-1
-1
-1
-1
-1
-1
-1
1447828646
1520848219
-1
777313577
-1
32926318
-1
254265145
-1
-1
1164328050
-1
-1
-1
172429674
-1
-1
-1
-1
-1
1376824384
-1
-1
673783952
780599010
-1
-1
-1
-1
-1
-1
-1
-1
-1
-1
388554776
-1
1539302705
367718795
3043041167
3776663108
3388108332
4331902374
4438918874
5266168867
-1
-1
-1
-1
-1
-1
-1
-1
-1
1401251029
-1
-1
-1
-1
-1
-1
634405723
-1
1748731230
1485172060
3267504986
5026889635
5026889635
5209272088
-1
-1
114002080
-1
-1
-1
-1
-1
-1
-1
-1
-1
-1
-1
30733380
-1
-1
-1
202265327
-1
-1
-1
-1
-1
94771102
856317594
-1
-1
745543057
-1
-1
-1
-1
-1
-1
-1
537577213
551609596
537577213
1319620703
-1
-1
519172550
519172550
-1
-1
287596606
-1
-1
-1
60941109
-1
-1
-1
-1
-1
-1
-1
-1
2008158445
414374612
3625680679
-1
-1
-1
-1
-1
-1
-1
-1
608957844
608957844
-1
-1
-1
-1
-1
-1
-1
-1
-1
852547337
-1
968407171
-1
2141241760
2141241760
2920245088
-1
-1
-1
-1
-1
-1
-1
139102362
-1
-1
-1
-1
-1
341578065
-1
-1
368976968
-1
392648386
-1
-1
-1
-1
-1
-1
65413524
-1
-1
-1
97392255
-1
659280657
930114228
-1
841550971
841550971
-1
-1
-1
0
-1
785449072
785449072
1275429653
1475061563
-1
-1
430969059
430969059
430969059
-1
-1
624705201
-1
-1
-1
1378345159
-1
1583793635
-1
-1
-1
-1
338745573
-1
-1
489502486
-1
-1
220826302
-1
-1
-1
-1
-1
-1
44721285
-1
-1
-1
-1
-1
1532951649
-1
282265412
-1
528032012
-1
-1
-1
-1
-1
-1
-1
-1
-1
301592964
-1
842993818
-1
62220680
-1
258024679
704093050
1268728195
2165142303
-1
990073563
-1
-1
-1
-1
-1
-1
-1
-1
-1
-1
-1
-1
-1
-1
-1
-1
-1
-1
-1
-1
-1
-1
596399170
1032298590
1801105471
-1
-1
-1
-1
-1
-1
492329187
-1
-1
492525646
-1
1035986540
1680592431
1741124688
2324484760
2003420038
2964166617
-1
-1
-1
-1
-1
872516074
1024502641
1211177905
-1
-1
-1
-1
1989215311
-1
-1
-1
-1
697880392
-1
-1
-1
-1
-1
-1
-1
-1
-1
-1
7163727
-1
-1
539777813
-1
-1
-1
-1
-1
-1
-1
-1
-1
-1
-1
-1
-1
-1
-1
0
-1
972983372
-1
513374148
-1
-1
825139814
-1
1788603719
2132248682
-1
-1
-1
-1
-1
1074556922
1866903429
-1
-1
-1
732750999
-1
-1
683899353
909600038
-1
-1
-1
-1
-1
1275063123
-1
-1
-1
-1
-1
-1
-1
-1
-1
211864302
-1
-1
-1
-1
-1
-1
-1
-1
-1
-1
468724393
768593086
-1
-1
-1
-1
818677389
818677389
1383488665
-1
-1
-1
-1
-1
-1
-1
-1
531721396
784941082
-1
-1
-1
611776524
611776524
-1
-1
534344174
534344174
-1
-1
-1
-1
-1
407798189
-1
-1
-1
-1
202706351
715276155
715276155
-1
-1
-1
-1
-1
305803070
-1
-1
879704144
-1
-1
-1
44105712
44105712
448762441
-1
-1
-1
-1
-1
-1
589321322
-1
1493364382
-1
-1
-1
-1
-1
-1
-1
373794817
-1
-1
139156159
744954548
-1
-1
-1
-1
-1
-1
-1
-1
-1
-1
-1
-1
-1
-1
-1
-1
-1
-1
364459655
-1
-1
-1
-1
-1
-1
-1
-1
-1
-1
-1
-1
-1
809504871
1989329062
-1
-1
-1
1952680997
2871169592
-1
-1
723917442
-1
1394583108
1483969339
2978554426
3073665642
-1
-1
-1
-1
2716559999
-1
-1
-1
-1
-1
816275137
-1
-1
-1
-1
-1
-1
880211365
946139749
1826351114
1734246991
1889170479
2835310228
-1
-1
-1
984712336
-1
-1
-1
822929087
-1
-1
691504517
-1
-1
-1
-1
-1
983823165
-1
498094727
-1
-1
-1
-1
-1
-1
562541590
-1
776710465
776710465
1667935778
-1
-1
-1
-1
-1
-1
578026871
663848647
-1
259591525
804135806
-1
-1
-1
23506740
-1
-1
-1
-1
-1
-1
1169739610
-1
-1
-1
-1
-1
-1
-1
-1
-1
-1
-1
-1
-1
-1
-1
824600878
1225416017
-1
-1
-1
-1
-1
-1
-1
897980866
-1
-1
193361736
821920388
-1
-1
-1
-1
-1
-1
735429018
-1
947652512
-1
-1
960697022
960697022
1175599581
-1
-1
15327218
15327218
-1
-1
-1
23410149
543899311
-1
-1
-1
-1
-1
-1
-1
-1
178727728
1049149569
-1
-1
867558084
-1
-1
-1
-1
-1
830731740
830731740
1361260033
-1
-1
-1
-1
87831107
-1
402621721
664750548
1276652123
-1
-1
-1
-1
815310355
-1
-1
-1
-1
-1
-1
-1
-1
-1
-1
1116657744
1715226037
-1
-1
-1
-1
-1
-1
862821347
173420722
1002043939
-1
621290719
1528168191
1572001134
-1
-1
-1
-1
-1
-1
-1
-1
596806787
-1
1860895747
-1
586741222
1210519845
3321259012
-1
-1
-1
-1
772898440
135856733
867049396
-1
-1
-1
-1
491436723
-1
-1
620182286
953227363
1780056459
1780056459
1981184093
-1
-1
796932229
-1
-1
-1
-1
878557017
-1
-1
-1
-1
362860231
-1
218288457
-1
-1
-1
993030209
1652322837
1652322837
-1
-1
-1
476447638
-1
-1
-1
-1
-1
-1
-1
-1
-1
-1
-1
1255475131
-1
-1
-1
-1
-1
-1
-1
814787094
-1
-1
-1
1265459206
-1
-1
-1
-1
-1
-1
-1
-1
-1
-1
-1
35255213
-1
-1
0
-1
-1
-1
-1
-1
-1
1025852706
-1
476810255
488026625
-1
-1
-1
576478726
-1
-1
661032240
-1
-1
-1
-1
-1
-1
-1
-1
-1
-1
-1
-1
-1
784918965
-1
-1
-1
-1
604272222
-1
-1
-1
-1
-1
-1
-1
-1
-1
426034119
-1
-1
-1
-1
-1
-1
-1
-1
-1
-1
-1
-1
-1
-1
-1
754667206
791877982
1287949098
-1
2517314664
-1
-1
-1
-1
-1
-1
-1
-1
-1
-1
-1
-1
-1
1170344091
-1
1881200819
3048309835
-1
-1
-1
-1
-1
-1
-1
-1
-1
-1
-1
-1
108227867
-1
-1
-1
-1
-1
-1
-1
-1
-1
1058334137
763686631
1422851548
-1
-1
-1
-1
133588098
-1
-1
-1
-1
-1
-1
603407534
812527718
-1
-1
-1
-1
1172448163
1321695942
-1
-1
-1
-1
-1
386128824
386128824
-1
-1
-1
-1
-1
-1
-1
-1
-1
-1
-1
-1
861219371
-1
120924002
-1
-1
-1
-1
934984585
-1
2614934337
2932895211
-1
-1
-1
845224524
1141087662
-1
-1
-1
-1
-1
-1
-1
-1
-1
-1
757134218
-1
-1
-1
129905125
-1
-1
-1
-1
-1
1578649525
-1
-1
-1
-1
-1
-1
-1
-1
-1
-1
-1
-1
-1
-1
-1
-1
-1
17052940
972896988
989949928
2205336345
-1
-1
-1
16190372
-1
-1
-1
-1
-1
-1
-1
-1
-1
892989839
1381509256
2226040592
-1
-1
-1
-1
-1
-1
787609368
1621978022
-1
-1
-1
-1
-1
-1
1112705432
1112705432
558443892
3303019117
-1
-1
386567853
-1
-1
542899296
-1
-1
782247080
-1
-1
-1
-1
648740871
-1
1897446876
2595311600
2787092542
2061482509
-1
-1
-1
13076227
436488825
-1
-1
-1
-1
-1
-1
-1
-1
-1
-1
-1
-1
1155907611
610044668
-1
-1
-1
654237830
-1
-1
-1
-1
-1
1590890470
2767098860
2652192182
3133410153
3484902028
-1
-1
559174100
-1
-1
-1
-1
-1
-1
-1
-1
-1
-1
-1
235959351
-1
-1
314219173
-1
-1
-1
-1
-1
-1
-1
-1
-1
959896746
1809099695
1782106377
-1
-1
-1
-1
-1
-1
-1
-1
-1
-1
-1
-1
-1
-1
-1
-1
-1
-1
-1
786502615
-1
-1
-1
-1
-1
-1
-1
-1
-1
-1
-1
-1
-1
-1
-1
-1
-1
-1
-1
-1
-1
687095755
-1
393539356
89902036
-1
-1
-1
551668924
694569551
1749253666
1749253666
1763364140
-1
-1
-1
-1
-1
-1
-1
-1
813054985
813054985
1077778723
1868881251
2512284204
2413595527
-1
301077123
1189728455
1630956175
-1
250624731
-1
-1
-1
-1
343118416
-1
-1
791774491
-1
853929820
1143139105
-1
711171878
-1
2382947295
-1
-1
-1
-1
-1
-1
-1
-1
666338642
-1
815859595
1080230530
1080230530
2054982944
3031182208
3646425205
-1
-1
-1
-1
-1
-1
-1
523006535
613099967
790161384
-1
-1
-1
-1
213462777
213462777
-1
-1
-1
200646709
-1
-1
-1
-1
-1
258415380
972238884
1169012221
1615603793
-1
-1
-1
970970412
-1
-1
-1
-1
-1
-1
214478419
842686933
-1
1688780230
-1
628481946
1109299011
-1
-1
-1
-1
293485116
293485116
-1
305116963
305116963
-1
127436758
-1
170692775
859948120
-1
-1
-1
-1
-1
-1
-1
-1
1436530900
-1
-1
-1
-1
258788867
-1
-1
499974903
-1
-1
-1
-1
-1
442355203
-1
-1
-1
-1
-1
849216317
1380341058
1773612814
2410639364
-1
-1
-1
-1
-1
-1
-1
-1
-1
-1
-1
-1
-1
-1
-1
-1
-1
-1
674051990
-1
-1
-1
-1
-1
-1
-1
-1
-1
-1
782525716
1583088802
1627719315
-1
35244008
-1
-1
-1
-1
-1
-1
-1
857406517
-1
-1
-1
-1
-1
-1
-1
-1
-1
-1
-1
-1
-1
-1
-1
-1
-1
174333549
2059930396
-1
-1
-1
-1
-1
-1
942474842
-1
-1
839284796
1934656118
2092736531
-1
165907290
-1
902018279
-1
-1
1544772764
-1
-1
1048321712
1048321712
-1
-1
822843806
-1
-1
-1
-1
-1
-1
-1
-1
1009799971
-1
2237948129
-1
-1
-1
-1
-1
-1
175577681
175577681
-1
1193671800
-1
-1
-1
-1
-1
-1
805118953
561663672
-1
-1
751334645
-1
-1
-1
-1
289530924
461937083
-1
-1
-1
881584802
-1
-1
-1
431111137
451187041
-1
824572241
-1
90908801
-1
-1
-1
-1
-1
-1
944431488
2205422740
3058020937
-1
-1
-1
-1
-1
897782900
970429863
1601620644
-1
-1
-1
-1
-1
902773022
1423764128
-1
-1
-1
0
-1
-1
-1
-1
551433857
722798991
-1
-1
-1
-1
-1
-1
-1
-1
-1
-1
-1
32135774
-1
-1
-1
870251422
-1
-1
-1
-1
369258271
-1
664816433
-1
-1
-1
-1
-1
-1
-1
-1
-1
-1
-1
-1
252806269
-1
782723793
-1
-1
-1
2010547469
-1
-1
839059847
-1
-1
428745510
-1
-1
-1
-1
-1
-1
-1
-1
-1
-1
190071263
-1
-1
-1
638079324
-1
-1
-1
-1
-1
-1
918468377
2264206903
-1
-1
-1
-1
-1
-1
848182640
-1
491637706
-1
-1
836624524
-1
-1
-1
562900994
-1
-1
-1
-1
-1
-1
-1
771896340
-1
-1
-1
-1
-1
403012001
-1
-1
1057484394
-1
-1
-1
120382443
120382443
-1
-1
-1
-1
-1
-1
-1
-1
-1
-1
-1
-1
-1
-1
-1
-1
-1
-1
-1
-1
-1
-1
244544009
-1
-1
-1
-1
-1
538783749
-1
-1
-1
-1
-1
-1
-1
1044896009
1225757575
-1
-1
-1
-1
-1
-1
679245733
-1
-1
-1
445476824
559630118
1393036497
947559673
2299632529
-1
-1
-1
-1
-1
-1
-1
-1
-1
-1
-1
-1
1893350998
-1
11039430
354382429
-1
-1
-1
407859671
-1
-1
-1
-1
831781648
162868758
-1
-1
-1
-1
84967985
-1
-1
1166288659
-1
691287164
-1
-1
-1
-1
-1
-1
-1
896715971
-1
-1
-1
-1
-1
-1
-1
-1
-1
603526191
1278581908
1363868992
-1
-1
-1
-1
-1
917711898
-1
-1
-1
-1
-1
-1
-1
-1
-1
-1
-1
-1
-1
819263400
819263400
833096900
-1
-1
-1
499571278
-1
165158605
-1
-1
-1
-1
-1
-1
-1
-1
-1
-1
-1
-1
1684589562
-1
-1
-1
-1
681434866
-1
218750067
-1
293165509
1332157606
2201453047
-1
-1
-1
-1
-1
2981885088
-1
-1
-1
-1
-1
-1
-1
-1
-1
-1
-1
-1
-1
245560824
-1
-1
-1
-1
-1
933424481
-1
-1
-1
-1
886864315
-1
1410135206
2653913541
2931284390
3501638152
3835280149
3847147248
-1
-1
1116173804
816468167
-1
-1
-1
-1
-1
-1
-1
-1
100012138
-1
247115196
-1
-1
1120319368
-1
-1
-1
1357332888
-1
-1
-1
-1
884792964
1910012924
-1
-1
-1
-1
1504904974
-1
958607211
-1
-1
-1
499089104
-1
-1
443372145
-1
282304385
-1
517480125
821444953
-1
-1
-1
-1
-1
-1
135877672
330918404
-1
-1
802455303
-1
-1
274376668
-1
-1
-1
-1
788559667
940432709
2313176145
2917058305
2480677526
-1
282614504
-1
-1
-1
-1
-1
-1
-1
-1
-1
-1
-1
-1
-1
-1
-1
-1
34615683
-1
-1
-1
-1
-1
-1
-1
-1
-1
-1
-1
-1
-1
-1
-1
-1
-1
-1
93259896
1413254909
-1
-1
-1
-1
-1
992373534
2835191802
2961613920
-1
-1
1222500994
-1
-1
-1
-1
-1
-1
-1
-1
-1
-1
-1
-1
-1
-1
-1
-1
-1
-1
-1
-1
-1
-1
-1
-1
436821057
843556138
1921554090
2613178355
2756052824
-1
-1
-1
531167620
1374607268
-1
-1
-1
-1
-1
-1
-1
789559885
1152949873
2121510762
2323051788
-1
-1
-1
-1
447704207
965260483
-1
-1
-1
-1
-1
-1
-1
-1
748228678
-1
-1
-1
-1
-1
-1
-1
-1
828574
398587448
1813802792
-1
923416893
1485306519
-1
-1
-1
-1
491389178
-1
-1
764646431
1052142145
-1
417420310
0
375798010
-1
-1
2552477046
1895798028
-1
-1
695173572
-1
107078708
-1
-1
-1
14283961
23341610
-1
141242046
-1
-1
-1
-1
264169299
275167245
-1
976333878
-1
-1
-1
-1
-1
-1
-1
-1
-1
-1
-1
-1
-1
-1
972661450
556193215
-1
-1
-1
-1
-1
-1
-1
-1
-1
-1
-1
-1
-1
968541923
-1
715589978
2578887377
2902053518
2274251615
-1
-1
-1
754964133
-1
300372090
-1
-1
-1
-1
-1
-1
-1
-1
-1
-1
-1
-1
311909692
-1
-1
-1
-1
-1
-1
-1
-1
-1
-1
-1
-1
8335071
127972294
353577823
1341815370
-1
-1
365774519
-1
-1
-1
-1
-1
-1
1605677270
205320133
-1
-1
879599526
-1
-1
-1
-1
-1
-1
-1
229131274
-1
-1
130487426
-1
441022342
591351494
-1
-1
-1
-1
-1
-1
-1
-1
1213895263
-1
-1
-1
-1
-1
-1
-1
92734743
-1
222183967
-1
-1
-1
-1
401964372
-1
-1
-1
-1
-1
1213649655
-1
-1
-1
-1
113896910
-1
-1
-1
-1
1021454215
-1
-1
-1
-1
-1
-1
-1
-1
-1
238421510
-1
-1
-1
-1
-1
987564389
2212615317
2274457785
2631373341
2938318907
3919163839
3705325975
4625304835
-1
-1
-1
906976167
-1
-1
-1
-1
863140524
-1
-1
-1
351794332
-1
-1
-1
-1
-1
-1
-1
-1
-1
978548644
-1
-1
390751806
-1
54248593
-1
977886012
1023705511
1402069706
-1
-1
892420234
-1
440338274
-1
-1
-1
-1
-1
124498674
-1
-1
51816577
113195444
947989288
-1
-1
-1
-1
-1
-1
1139088750
-1
-1
-1
-1
794937402
-1
1937179089
-1
-1
-1
-1
-1
-1
-1
-1
-1
-1
-1
-1
-1
-1
-1
-1
464763339
-1
-1
-1
-1
308612823
424237697
424237697
852554836
-1
346051015
-1
-1
-1
-1
-1
-1
1175104483
-1
-1
-1
-1
-1
-1
-1
-1
656538126
-1
0
634108104
-1
-1
1232631629
-1
313011452
313011452
709169992
-1
-1
-1
-1
-1
-1
-1
-1
540130770
-1
-1
-1
-1
2250630066
-1
-1
-1
353762539
-1
-1
-1
-1
-1
-1
-1
-1
-1
-1
847640313
847640313
-1
-1
-1
-1
-1
-1
-1
-1
-1
-1
60473765
-1
-1
-1
-1
-1
986750239
-1
-1
-1
-1
21173253
-1
324000109
-1
-1
-1
-1
-1
-1
-1
1188312736
-1
586883925
795116993
-1
-1
-1
-1
-1
-1
-1
-1
-1
-1
-1
-1
-1
-1
96073418
-1
-1
-1
-1
-1
-1
-1
-1
582309945
-1
-1
-1
-1
118359440
-1
-1
-1
-1
-1
-1
-1
-1
-1
-1
-1
-1
-1
932714660
1283135564
-1
142445650
555055979
-1
-1
-1
451070533
606380272
-1
-1
847786926
-1
1859281369
1957988008
2046577411
2811131518
-1
-1
188487481
265080267
-1
-1
-1
-1
-1
-1
-1
432541523
1222883095
-1
-1
-1
-1
-1
-1
-1
-1
-1
-1
90661394
-1
-1
-1
-1
-1
-1
268429473
268429473
1477172424
1477172424
-1
-1
-1
-1
-1
-1
-1
322348831
-1
-1
-1
-1
21078958
-1
-1
-1
854073864
-1
-1
-1
-1
-1
-1
-1
832903784
598870748
1193577063
2333103531
2416446179
2763913668
2853125608
3334371592
4109396052
-1
-1
-1
-1
-1
-1
-1
-1
755862065
-1
-1
-1
158629792
990819274
1666717595
-1
-1
-1
-1
-1
-1
-1
-1
-1
-1
735840626
951284737
1391997304
1918009524
-1
-1
-1
-1
-1
-1
-1
-1
-1
-1
-1
-1
-1
-1
676808300
-1
-1
-1
554957556
-1
-1
2093694021
-1
-1
-1
-1
-1
-1
-1
-1
-1
-1
1026833885
1026833885
-1
58269015
489241165
-1
-1
188583337
-1
635402345
-1
-1
-1
-1
-1
-1
-1
830839474
-1
-1
-1
80686599
-1
-1
-1
-1
-1
-1
-1
-1
497272319
-1
680379771
-1
-1
-1
-1
-1
40804499
-1
-1
-1
-1
796636362
1236490709
-1
985139142
-1
0
-1
-1
770558205
884265678
-1
-1
-1
-1
-1
-1
-1
-1
-1
-1
-1
1090596873
-1
-1
-1
-1
-1
-1
1517698706
1360863065
1965583201
2663308721
3313195549
3404819432
-1
-1
-1
-1
-1
-1
-1
137221357
-1
-1
-1
-1
-1
830324585
-1
-1
-1
849594433
1345317989
-1
475556718
-1
-1
-1
-1
-1
443627619
-1
-1
235132715
353617832
-1
-1
-1
-1
1343312279
-1
-1
-1
-1
-1
-1
896005738
-1
-1
-1
-1
-1
-1
-1
-1
-1
-1
848190243
-1
-1
-1
-1
-1
-1
1011450685
1182331951
-1
-1
-1
851468384
-1
-1
-1
-1
-1
-1
-1
1439911851
-1
568778691
650950830
1566189921
681956012
-1
-1
-1
54822462
54822462
-1
580017330
-1
-1
0
-1
-1
-1
-1
638707440
-1
-1
-1
230442527
699493439
-1
-1
-1
-1
-1
-1
-1
-1
-1
-1
-1
-1
691155493
-1
420398230
-1
-1
-1
-1
-1
-1
-1
-1
405284786
652921913
707212817
-1
531497977
1362649928
0
-1
762979337
-1
-1
-1
-1
-1
-1
-1
-1
-1
438466737
1129444008
1294655590
2154626129
-1
-1
180815579
-1
175466772
-1
322170923
-1
-1
-1
-1
-1
-1
-1
-1
-1
-1
-1
270131180
-1
-1
681506535
1264414337
1601942007
1601942007
-1
-1
-1
-1
370475353
-1
-1
-1
-1
-1
-1
-1
-1
-1
-1
-1
847326460
-1
-1
444706109
-1
-1
644593760
-1
-1
-1
-1
-1
921644256
-1
871118798
-1
-1
1243065499
1325569248
1921022194
-1
-1
-1
-1
-1
1549528864
2526727810
-1
-1
-1
389678923
1261172650
-1
-1
-1
-1
-1
-1
-1
880252398
-1
-1
-1
1606872913
1606872913
1240376405
-1
-1
-1
-1
-1
-1
-1
-1
-1
-1
395247984
-1
-1
-1
-1
-1
-1
-1
-1
-1
-1
-1
-1
-1
-1
-1
-1
-1
-1
468940654
-1
-1
883952074
-1
-1
-1
-1
-1
217060846
-1
-1
-1
-1
-1
-1
1110643360
-1
98453721
-1
-1
-1
-1
-1
-1
-1
93447081
-1
-1
309732779
-1
-1
-1
-1
-1
-1
-1
-1
-1
330065850
-1
815748593
1073180886
1322647779
-1
-1
-1
-1
-1
591923769
795241142
-1
230063959
-1
-1
-1
-1
-1
-1
-1
-1
-1
-1
872479753
883720916
0
-1
-1
-1
-1
-1
903768567
-1
-1
853049045
-1
503596252
-1
-1
1853647843
1853647843
-1
-1
-1
107180715
-1
-1
-1
-1
-1
9889138
-1
-1
711565354
-1
471407342
-1
-1
-1
-1
-1
-1
-1
-1
760913435
-1
-1
-1
384824743
-1
-1
602246067
-1
-1
-1
-1
-1
1344477606
1576086155
1860066814
2365688448
2421813512
2926288720
3897846950
4215798034
-1
-1
477567298
-1
-1
-1
-1
-1
-1
-1
-1
304286320
-1
-1
-1
-1
-1
397004282
294720999
-1
-1
-1
-1
-1
-1
561825730
-1
-1
-1
-1
-1
-1
-1
-1
-1
-1
-1
-1
-1
-1
-1
-1
-1
-1
1022574759
-1
100889267
824392604
-1
-1
1201592052
1347040716
-1
-1
-1
-1
-1
-1
-1
-1
-1
-1
-1
1562891458
1562891458
-1
-1
-1
744772497
-1
-1
-1
-1
-1
377851898
1184506509
-1
833763984
-1
-1
-1
1114858421
-1
2049082567
2069247541
2417996419
-1
-1
-1
-1
64184472
533188804
-1
-1
-1
-1
-1
-1
-1
755265204
-1
-1
-1
-1
-1
-1
-1
-1
-1
-1
-1
-1
-1
-1
-1
-1
-1
-1
-1
-1
0
-1
-1
-1
-1
210034336
-1
-1
-1
-1
-1
-1
516495553
-1
-1
-1
-1
-1
-1
-1
-1
-1
150777024
-1
-1
438633631
-1
593954400
1170415786
2044616521
-1
283668507
372146849
-1
-1
-1
-1
-1
-1
-1
-1
-1
1618558259
-1
-1
367584720
-1
-1
-1
-1
-1
-1
-1
-1
-1
-1
-1
-1
-1
154369632
154369632
-1
-1
518149958
1320703581
-1
-1
-1
-1
-1
574626485
-1
-1
-1
508571964
-1
-1
763743663
-1
-1
-1
-1
-1
-1
